20
0.00 1.57 0.79 0.95 0.63 1.30 1.34 1.38 1.00 0.48 0.51 0.80 1.01 1.30 0.34 1.18 1.00 0.72 0.99 1.22
1.57 0.00 1.37 0.75 1.44 0.68 0.80 1.15 1.29 1.49 1.66 1.19 1.12 1.12 1.40 0.45 1.13 1.46 0.90 1.38
0.79 1.37 0.00 0.59 0.83 1.60 1.34 0.67 0.60 1.12 0.71 0.55 0.72 0.41 0.71 1.40 1.16 0.50 0.48 1.05
0.95 0.75 0.59 0.00 1.22 1.14 1.55 0.97 0.97 0.92 1.31 1.22 1.42 0.73 0.45 0.95 1.51 0.41 0.94 1.30
0.63 1.44 0.83 1.22 0.00 0.96 1.04 1.14 1.32 1.08 1.00 0.95 0.49 1.22 0.73 1.58 0.38 0.90 1.41 0.85
1.30 0.68 1.60 1.14 0.96 0.00 0.46 1.54 0.97 1.29 1.21 1.24 1.34 1.40 1.32 0.70 0.98 1.32 1.51 0.89
1.34 0.80 1.34 1.55 1.04 0.46 0.00 1.36 1.02 1.37 0.84 0.59 1.08 1.13 1.79 0.56 0.73 1.75 0.91 1.18
1.38 1.15 0.67 0.97 1.14 1.54 1.36 0.00 1.04 0.77 0.88 1.22 0.56 0.59 1.04 1.18 1.26 0.60 0.90 0.54
1.00 1.29 0.60 0.97 1.32 0.97 1.02 1.04 0.00 1.19 0.62 0.80 1.21 0.72 0.98 1.25 1.34 0.85 0.55 0.84
0.48 1.49 1.12 0.92 1.08 1.29 1.37 0.77 1.19 0.00 0.48 1.31 1.23 1.24 0.47 0.89 1.40 0.54 1.24 0.90
0.51 1.66 0.71 1.31 1.00 1.21 0.84 0.88 0.62 0.48 0.00 0.65 0.91 1.06 0.93 0.94 1.35 0.87 0.71 0.91
0.80 1.19 0.55 1.22 0.95 1.24 0.59 1.22 0.80 1.31 0.65 0.00 0.81 0.49 1.40 0.82 0.79 1.20 0.55 1.14
1.01 1.12 0.72 1.42 0.49 1.34 1.08 0.56 1.21 1.23 0.91 0.81 0.00 0.96 1.19 1.30 0.70 1.05 0.94 0.66
1.30 1.12 0.41 0.73 1.22 1.40 1.13 0.59 0.72 1.24 1.06 0.49 0.96 0.00 1.22 1.04 1.07 0.59 0.78 0.69
0.34 1.40 0.71 0.45 0.73 1.32 1.79 1.04 0.98 0.47 0.93 1.40 1.19 1.22 0.00 1.48 1.19 0.36 1.13 1.15
1.18 0.45 1.40 0.95 1.58 0.70 0.56 1.18 1.25 0.89 0.94 0.82 1.30 1.04 1.48 0.00 1.45 1.29 0.98 1.23
1.00 1.13 1.16 1.51 0.38 0.98 0.73 1.26 1.34 1.40 1.35 0.79 0.70 1.07 1.19 1.45 0.00 1.44 1.19 1.03
0.72 1.46 0.50 0.41 0.90 1.32 1.75 0.60 0.85 0.54 0.87 1.20 1.05 0.59 0.36 1.29 1.44 0.00 1.29 0.56
0.99 0.90 0.48 0.94 1.41 1.51 0.91 0.90 0.55 1.24 0.71 0.55 0.94 0.78 1.13 0.98 1.19 1.29 0.00 1.54
1.22 1.38 1.05 1.30 0.85 0.89 1.18 0.54 0.84 0.90 0.91 1.14 0.66 0.69 1.15 1.23 1.03 0.56 1.54 0.00
