(209,217,225,1)->(418,217,16,2)->(402,217,32,3)->(402,185,64,4)->(338,185,128,5)->(338,57,256,6)->(338,114,199,7)->(139,114,398,8)->(278,114,259,9)->(19,114,518,10)->(38,114,499,11)->(76,76,499,12)
(209,217,225,1)->(418,217,16,2)->(418,201,32,3)->(418,169,64,4)->(418,105,128,5)->(313,210,128,6)->(313,82,256,7)->(313,164,174,8)->(313,328,10,9)->(626,15,10,10)->(611,30,10,11)->(611,20,20,12)
(209,217,225,1)->(209,434,8,2)->(209,426,16,3)->(193,426,32,4)->(161,426,64,5)->(161,362,128,6)->(161,234,256,7)->(322,234,95,8)->(322,139,190,9)->(183,278,190,10)->(366,95,190,11)->(271,190,190,12)
(209,217,225,1)->(418,8,225,2)->(410,16,225,3)->(394,32,225,4)->(362,64,225,5)->(362,128,161,6)->(234,256,161,7)->(234,95,322,8)->(139,190,322,9)->(278,190,183,10)->(95,190,366,11)->(190,190,271,12)
(209,217,225,1)->(209,434,8,2)->(209,426,16,3)->(193,426,32,4)->(193,394,64,5)->(129,394,128,6)->(129,266,256,7)->(258,266,127,8)->(131,266,254,9)->(262,135,254,10)->(127,270,254,11)->(254,143,254,12)
(209,217,225,1)->(418,8,225,2)->(410,16,225,3)->(394,32,225,4)->(394,64,193,5)->(394,128,129,6)->(266,256,129,7)->(266,127,258,8)->(266,254,131,9)->(135,254,262,10)->(270,254,127,11)->(143,254,254,12)
(209,217,225,1)->(418,8,225,2)->(193,8,450,3)->(386,8,257,4)->(129,8,514,5)->(129,16,506,6)->(113,32,506,7)->(113,64,474,8)->(49,128,474,9)->(98,79,474,10)->(19,158,474,11)->(19,316,316,12)
(209,217,225,1)->(209,434,8,2)->(209,426,16,3)->(209,410,32,4)->(177,410,64,5)->(177,346,128,6)->(49,346,256,7)->(98,297,256,8)->(196,297,158,9)->(38,297,316,10)->(38,594,19,11)->(38,575,38,12)
(209,217,225,1)->(418,8,225,2)->(410,16,225,3)->(410,32,209,4)->(410,64,177,5)->(346,128,177,6)->(346,256,49,7)->(297,256,98,8)->(297,158,196,9)->(297,316,38,10)->(594,19,38,11)->(575,38,38,12)
(209,217,225,1)->(418,217,16,2)->(418,201,32,3)->(386,201,64,4)->(386,137,128,5)->(386,9,256,6)->(386,18,247,7)->(386,36,229,8)->(386,72,193,9)->(386,144,121,10)->(242,288,121,11)->(242,167,242,12)
(209,217,225,1)->(418,217,16,2)->(402,217,32,3)->(402,185,64,4)->(402,121,128,5)->(274,121,256,6)->(18,121,512,7)->(36,121,494,8)->(72,121,458,9)->(144,121,386,10)->(288,121,242,11)->(167,242,242,12)
(209,217,225,1)->(418,217,16,2)->(402,217,32,3)->(402,185,64,4)->(338,185,128,5)->(338,57,256,6)->(338,114,199,7)->(224,228,199,8)->(224,29,398,9)->(448,29,174,10)->(419,58,174,11)->(419,116,116,12)
