0 -> 1,1431,460,48
1 -> 2,39,50,8
10 -> 104,11,442
100 -> 635,76
1000 -> 1002
1001 -> 920
1002 -> 1001
1003 -> 1004
1004 -> 1005
1005 -> 1805,913
1006 -> 1008
1007 -> 1006
1008 -> 742
1009 -> 938
101 -> 100
1010 -> 1011
1011 -> 1009
1012 -> 1557,314
1013 -> 1014,1123
1014 -> 1012
1015 -> 1017,2347
1016 -> 360
1017 -> 1016
1018 -> 1019
1019 -> 664
102 -> 101,1742,186,290,491
1020 -> 1018
1021 -> 1023,2407
1022 -> 1059,646
1023 -> 1022
1024 -> 1026,1145
1025 -> 1024,2029
1026 -> 511
1027 -> 1028
1028 -> 423
1029 -> 1027
103 -> 105,778
1030 -> 95
1031 -> 1030
1032 -> 1031
1034 -> 1033
1036 -> 1038
1037 -> 1036
1038 -> 1379,491
1039 -> 1041
104 -> 103,2701,438
1040 -> 651
1041 -> 1040
1042 -> 1044,1280
1043 -> 766
1044 -> 1043
1045 -> 1047
1046 -> 1045,2421
1047 -> 190
1048 -> 1050,2275
1049 -> 1048
105 -> 10,2266,519
1050 -> 821
1051 -> 1053
1052 -> 2339,486
1053 -> 1052
1054 -> 321
1055 -> 1054,1652
1056 -> 1055,2300
1057 -> 1022
1058 -> 1057
1059 -> 1058
106 -> 2142,53
1060 -> 2388,767
1061 -> 1062,2548
1062 -> 1060
1063 -> 1296,1826,392
1064 -> 1063,2213
1065 -> 1064
1066 -> 162
1067 -> 1066
1068 -> 1067
1069 -> 1071
107 -> 108
1070 -> 1238,1311,599
1071 -> 1070
1072 -> 1676,256
1073 -> 1072
1074 -> 1073
1075 -> 2660,87
1076 -> 1075
1077 -> 1076
1078 -> 1080,2229
1079 -> 1078
108 -> 106
1080 -> 269
1081 -> 1082
1082 -> 1083
1083 -> 840
1084 -> 1085,1282
1085 -> 1086,2094,2167
1086 -> 1594,673
1087 -> 1089
1088 -> 1087,2089
1089 -> 420
109 -> 111,1178,155
1090 -> 1091
1091 -> 1092
1092 -> 1511,189
1093 -> 1094
1094 -> 238
1095 -> 1093
1096 -> 1098
1097 -> 1096,1982
1098 -> 217
1099 -> 1100,1771
11 -> 12,975
110 -> 109,172,1840,713
1100 -> 1101,2519
1101 -> 850
1102 -> 288
1103 -> 1104
1104 -> 1102,1367
1105 -> 1107
1106 -> 1130,82
1107 -> 1106
1108 -> 1109,1248
1109 -> 1110,1256
111 -> 77
1110 -> 118,1358,1785
1111 -> 655
1112 -> 1111,2187
1113 -> 1112
1114 -> 938
1115 -> 1116,1479,2046
1116 -> 1114
1117 -> 1118
1118 -> 1119,2036
1119 -> 33
112 -> 114
1120 -> 1121
1121 -> 822
1122 -> 1120
1123 -> 1125
1124 -> 1013
1125 -> 1124
1126 -> 1128
1127 -> 1126
1128 -> 299
1129 -> 1106
113 -> 112,2684
1130 -> 1131
1131 -> 1129,1320,1549,2620
1132 -> 1727,893
1133 -> 1132
1134 -> 1133
1135 -> 1137
1136 -> 921
1137 -> 1136,1584
1138 -> 1139
1139 -> 1140,1174
114 -> 673,85,912
1140 -> 1245,1411,594
1141 -> 1143
1142 -> 1141,2290
1143 -> 1349,138
1144 -> 1024
1145 -> 1146
1146 -> 1144
1147 -> 1148
1148 -> 1149
1149 -> 415
115 -> 178,76
1150 -> 1152
1151 -> 1150
1152 -> 202
1153 -> 2511,910
1154 -> 1155,2699
1155 -> 1153
1156 -> 297
1157 -> 1156
1158 -> 1157
1159 -> 1161,2152
116 -> 117,649
1160 -> 62
1161 -> 1160,2652
1162 -> 120,2034,2326
1163 -> 1162
1164 -> 1163
1165 -> 974
1166 -> 1167,2436
1167 -> 1165
1168 -> 1203,194
1169 -> 1170
117 -> 115,262
1170 -> 1168
1171 -> 1172
1172 -> 1173
1173 -> 846
1174 -> 1176
1175 -> 1139
1176 -> 1175
1177 -> 1179
1178 -> 1177
1179 -> 109
118 -> 1108,2692,41
1180 -> 1182
1181 -> 155,1856
1182 -> 1181,2232
1183 -> 129,1758
1184 -> 1185
1185 -> 1183,2708
1186 -> 1188
1187 -> 539
1188 -> 1187
1189 -> 209
119 -> 118
1190 -> 1191
1191 -> 1189
1192 -> 323
1193 -> 1194,1695
1194 -> 1192
1195 -> 1197
1196 -> 1573,202
1197 -> 1196,2329
1198 -> 1200
1199 -> 1198
12 -> 3
120 -> 1164,119
1200 -> 608
1201 -> 1168
1202 -> 1201
1203 -> 1202
1204 -> 1205,1793
1205 -> 1206
1206 -> 13
1207 -> 185,2502
1208 -> 1207
1209 -> 1208,1471,1752
121 -> 1696,43
1210 -> 1212,1712
1211 -> 1210
1212 -> 1666,883
1213 -> 1214,1343,1361
1214 -> 951
1215 -> 1213
1216 -> 1218
1217 -> 1216
1218 -> 557
1219 -> 1220,1315
122 -> 123,1850,382
1220 -> 2207,484
1221 -> 1219,1969,2008
1222 -> 2373,471
1223 -> 1222
1224 -> 1223
1225 -> 1227,1301
1226 -> 930
1227 -> 1226
1228 -> 1229
1229 -> 1572,2432,322
123 -> 121
1230 -> 1228
1231 -> 1814,59
1232 -> 1231
1233 -> 1232
1234 -> 1236
1235 -> 1234
1236 -> 1884,592
1237 -> 1239
1238 -> 1237
1239 -> 1070
124 -> 125,2271,395,531,959
1240 -> 1242
1241 -> 1240
1242 -> 62
1243 -> 1244
1244 -> 1140,1261
1245 -> 1243,1843
1246 -> 1108
1247 -> 1246
1248 -> 1247
1249 -> 479
125 -> 126,1720
1250 -> 1249
1251 -> 1250
1252 -> 1253
1253 -> 227
1254 -> 1252,2264
1255 -> 1257
1256 -> 1255
1257 -> 1109,2148
1258 -> 1259,1484
1259 -> 1260
126 -> 15,199,2069,233,2626,278
1260 -> 208
1261 -> 1262
1262 -> 1263
1263 -> 1244
1264 -> 1266
1265 -> 128,2170
1266 -> 1265
1267 -> 1269,1395
1268 -> 1267
1269 -> 1688,333
127 -> 128
1270 -> 287
1271 -> 1272
1272 -> 1270
1273 -> 1274
1274 -> 1275
1275 -> 445
1276 -> 27
1277 -> 1278
1278 -> 1276
1279 -> 1042
128 -> 1264,1528,60
1280 -> 1281,1351
1281 -> 1279
1282 -> 1284
1283 -> 1084
1284 -> 1283
1285 -> 1286
1286 -> 677
1287 -> 1285,2248
1288 -> 1290
1289 -> 1288
129 -> 1184,127,855
1290 -> 602
1291 -> 1292,1322
1292 -> 1293
1293 -> 863
1294 -> 1295
1295 -> 1063
1296 -> 1294
1297 -> 898
1298 -> 1297
1299 -> 1298
13 -> 1204,16,6
130 -> 132,1629
1300 -> 1302
1301 -> 1300
1302 -> 1225
1303 -> 553
1304 -> 1303
1305 -> 1304
1306 -> 1308,1965
1307 -> 1306
1308 -> 462
1309 -> 1070
131 -> 130,1457
1310 -> 1309
1311 -> 1310
1312 -> 787
1313 -> 1312,2104
1314 -> 1313
1315 -> 1317
1316 -> 1219
1317 -> 1316
1318 -> 1319
1319 -> 1131
132 -> 166,92
1320 -> 1318,1604
1321 -> 1291,1701
1322 -> 1323
1323 -> 1321,1769
1324 -> 1325
1325 -> 1326
1326 -> 870
1327 -> 1329
1328 -> 2591,97
1329 -> 1328
133 -> 134,478
1330 -> 1332,1926
1331 -> 329
1332 -> 1331
1333 -> 1334
1334 -> 1335
1335 -> 644
1336 -> 1338
1337 -> 405
1338 -> 1337,1576
1339 -> 1340
134 -> 135,273
1340 -> 456
1341 -> 1339
1342 -> 1344
1343 -> 1342
1344 -> 1213,2272
1345 -> 1347
1346 -> 1345
1347 -> 896
1348 -> 1350,1951
1349 -> 1348
135 -> 48,844
1350 -> 1143,2101,2641
1351 -> 1353
1352 -> 1280
1353 -> 1352,1816
1354 -> 1356
1355 -> 1354,2287
1356 -> 701
1357 -> 1110
1358 -> 1359
1359 -> 1357,2633
136 -> 139,9
1360 -> 1213,2189
1361 -> 1362
1362 -> 1360
1363 -> 961
1364 -> 1363,1939
1365 -> 1364
1366 -> 1368
1367 -> 1366
1368 -> 1104,1615,1888,2528
1369 -> 1371
137 -> 138
1370 -> 1369,2726
1371 -> 741
1372 -> 766
1373 -> 1374
1374 -> 1372,1719
1375 -> 166,1686
1376 -> 1375
1377 -> 1376
1378 -> 1038
1379 -> 1380
138 -> 1142,136,921
1380 -> 1378
1381 -> 1382
1382 -> 1383
1383 -> 289
1384 -> 1385
1385 -> 704
1386 -> 1384,1690
1387 -> 1388
1388 -> 25
1389 -> 1387,1416,2067
139 -> 140,818
1390 -> 924
1391 -> 1390,1509
1392 -> 1391,1930
1393 -> 1394
1394 -> 1267
1395 -> 1393
1396 -> 216
1397 -> 1398
1398 -> 1396
1399 -> 1400
14 -> 15
140 -> 141
1400 -> 633
1401 -> 1399
1402 -> 1404
1403 -> 1402
1404 -> 207
1405 -> 1406
1406 -> 1407
1407 -> 63
1408 -> 1410
1409 -> 1408
141 -> 136
1410 -> 411
1411 -> 1413
1412 -> 1140
1413 -> 1412
1414 -> 1389
1415 -> 1414
1416 -> 1415
1417 -> 1418
1418 -> 39
1419 -> 1417
142 -> 324,35
1420 -> 1421
1421 -> 1422
1422 -> 329
1423 -> 1425
1424 -> 1423
1425 -> 2184,509
1426 -> 762
1427 -> 1428,2451
1428 -> 1426
1429 -> 0
143 -> 144,1901,814
1430 -> 1429
1431 -> 1430
1432 -> 1433
1433 -> 1434
1434 -> 94
1435 -> 5
1436 -> 1435,2159
1437 -> 1436
1438 -> 686
1439 -> 1438
144 -> 142
1440 -> 1439
1441 -> 1442
1442 -> 837
1443 -> 1441
1444 -> 803
1445 -> 1444
1446 -> 1445
1447 -> 1449
1448 -> 1643,625
1449 -> 1448
145 -> 146,342
1450 -> 1452
1451 -> 1450
1452 -> 2472,788
1453 -> 1455
1454 -> 2257,619
1455 -> 1454
1456 -> 131
1457 -> 1458
1458 -> 1456
1459 -> 1461
146 -> 237,24
1460 -> 714
1461 -> 1460,1475
1462 -> 1463
1463 -> 1665,254
1464 -> 1462
1465 -> 1466
1466 -> 1467
1467 -> 762
1468 -> 168
1469 -> 1470,2059
147 -> 145
1470 -> 1468,1520
1471 -> 1473
1472 -> 1209
1473 -> 1472
1474 -> 1476
1475 -> 1474
1476 -> 1461
1477 -> 1115
1478 -> 1477
1479 -> 1478,1946
148 -> 150,1893
1480 -> 1481
1481 -> 1482
1482 -> 271
1483 -> 1485
1484 -> 1483
1485 -> 1258
1486 -> 746
1487 -> 1488
1488 -> 1486
1489 -> 1490
149 -> 81
1490 -> 1491
1491 -> 572
1492 -> 1494,2379
1493 -> 1492,2075
1494 -> 194
1495 -> 1497
1496 -> 345
1497 -> 1496
1498 -> 867
1499 -> 1500
15 -> 124,13
150 -> 149
1500 -> 1498
1501 -> 1503
1502 -> 1501,1914
1503 -> 329
1504 -> 309
1505 -> 1504
1506 -> 1505
1507 -> 1391
1508 -> 1507
1509 -> 1508,2064
151 -> 152
1510 -> 1512
1511 -> 1510
1512 -> 1092
1513 -> 1515
1514 -> 1513
1515 -> 319
1516 -> 1517,2024
1517 -> 88
1518 -> 1516,1748
1519 -> 1470
152 -> 153
1520 -> 1521
1521 -> 1519
1522 -> 65
1523 -> 1524
1524 -> 1522
1525 -> 1526
1526 -> 1527
1527 -> 313
1528 -> 1529
1529 -> 1530,1534
153 -> 197,68
1530 -> 128
1531 -> 1532
1532 -> 290
1533 -> 1531
1534 -> 1536
1535 -> 1529
1536 -> 1535
1537 -> 951
1538 -> 1539,1622
1539 -> 1537,1567
154 -> 109
1540 -> 1542,2322
1541 -> 2729,714
1542 -> 1541
1543 -> 1545
1544 -> 1543
1545 -> 2139,941
1546 -> 1548
1547 -> 1546,1562
1548 -> 346
1549 -> 1550
155 -> 1180,156,416
1550 -> 1551
1551 -> 1131
1552 -> 1553
1553 -> 1554
1554 -> 938
1555 -> 1012
1556 -> 1555,2052
1557 -> 1556
1558 -> 1560
1559 -> 964
156 -> 154,1846
1560 -> 1559
1561 -> 1563
1562 -> 1561
1563 -> 1547,2260
1564 -> 1566
1565 -> 1564,1619
1566 -> 851
1567 -> 1568
1568 -> 1569
1569 -> 1539
157 -> 159
1570 -> 1229
1571 -> 1570
1572 -> 1571,2003
1573 -> 1575
1574 -> 1196
1575 -> 1574,2014
1576 -> 1578
1577 -> 1338
1578 -> 1577
1579 -> 667
158 -> 157,2697,270
1580 -> 1581,1800
1581 -> 1579
1582 -> 1583
1583 -> 1137,2396,2637
1584 -> 1582
1585 -> 1587,2744
1586 -> 1585
1587 -> 826
1588 -> 1590
1589 -> 1588
159 -> 44
1590 -> 881
1591 -> 1593
1592 -> 1591
1593 -> 161
1594 -> 1595
1595 -> 1596
1596 -> 1086
1597 -> 2135,378
1598 -> 1597
1599 -> 1598
16 -> 18,242,260
160 -> 60
1600 -> 1602
1601 -> 1600
1602 -> 266
1603 -> 1605
1604 -> 1603
1605 -> 1320
1606 -> 828
1607 -> 1606
1608 -> 1607,2440
1609 -> 1611
161 -> 1592,160,314,330
1610 -> 1609
1611 -> 883
1612 -> 1613
1613 -> 1614,1984
1614 -> 466
1615 -> 1617,1791
1616 -> 1368
1617 -> 1616
1618 -> 1565,1874,2569
1619 -> 1620
162 -> 1068,161
1620 -> 1618
1621 -> 1623
1622 -> 1621
1623 -> 1538
1624 -> 1626
1625 -> 1624
1626 -> 60
1627 -> 130
1628 -> 1627
1629 -> 1628
163 -> 164,473
1630 -> 1632
1631 -> 439
1632 -> 1631
1633 -> 1634,2177
1634 -> 50
1635 -> 1633
1636 -> 1638
1637 -> 1636
1638 -> 346
1639 -> 1640
164 -> 165,515
1640 -> 1707,911
1641 -> 1639,1786
1642 -> 1448
1643 -> 1644
1644 -> 1642
1645 -> 1647,2085,2210
1646 -> 1645
1647 -> 995
1648 -> 1649
1649 -> 891
165 -> 83
1650 -> 1648
1651 -> 1653
1652 -> 1651,2316,2483
1653 -> 1055
1654 -> 2735,411
1655 -> 1654
1656 -> 1655
1657 -> 259
1658 -> 1657
1659 -> 1658
166 -> 1377,168,799
1660 -> 1662,2166
1661 -> 291
1662 -> 1661
1663 -> 1463,2601
1664 -> 1663
1665 -> 1664
1666 -> 1668,2595
1667 -> 1212,2573
1668 -> 1667
1669 -> 187
167 -> 132,581
1670 -> 1671
1671 -> 1669
1672 -> 906
1673 -> 1674
1674 -> 1672
1675 -> 1677
1676 -> 1675
1677 -> 1072,1955,2133
1678 -> 476
1679 -> 1680
168 -> 1469,167,364
1680 -> 1678
1681 -> 1682
1682 -> 1683,2341
1683 -> 195
1684 -> 1685
1685 -> 1375
1686 -> 1684
1687 -> 1689
1688 -> 1687
1689 -> 1269
169 -> 171,181,308
1690 -> 1692
1691 -> 1386
1692 -> 1691
1693 -> 1694
1694 -> 1193
1695 -> 1693
1696 -> 1697
1697 -> 1698
1698 -> 121
1699 -> 1321,2108
17 -> 13,21,44
170 -> 169
1700 -> 1699
1701 -> 1700
1702 -> 1703
1703 -> 1704
1704 -> 425
1705 -> 1640
1706 -> 1705
1707 -> 1706
1708 -> 415
1709 -> 1708,2475
171 -> 1762,65
1710 -> 1709,2710
1711 -> 1210
1712 -> 1713,2596
1713 -> 1711
1714 -> 386
1715 -> 1716,1896
1716 -> 1714
1717 -> 1374
1718 -> 1717
1719 -> 1718
172 -> 174
1720 -> 1722
1721 -> 125
1722 -> 1721,2018
1723 -> 1724
1724 -> 1725
1725 -> 432
1726 -> 1728
1727 -> 1726
1728 -> 1132
1729 -> 218
173 -> 110,1933,998
1730 -> 1729
1731 -> 1730
1732 -> 1734
1733 -> 236
1734 -> 1733
1735 -> 1736,2647
1736 -> 1737
1737 -> 376
1738 -> 366
1739 -> 1740
174 -> 173,2369
1740 -> 1738
1741 -> 102
1742 -> 1743
1743 -> 1741
1744 -> 1745
1745 -> 1746
1746 -> 864
1747 -> 1749
1748 -> 1747
1749 -> 1518
175 -> 177
1750 -> 1751
1751 -> 1209
1752 -> 1750,2738
1753 -> 24
1754 -> 1753
1755 -> 1754
1756 -> 1757
1757 -> 1183
1758 -> 1756
1759 -> 1761
176 -> 51
1760 -> 1759
1761 -> 765
1762 -> 1763
1763 -> 1764
1764 -> 171
1765 -> 1766
1766 -> 316
1767 -> 1765
1768 -> 1770
1769 -> 1768
177 -> 176,976
1770 -> 1323
1771 -> 1773
1772 -> 1099
1773 -> 1772
1774 -> 1776
1775 -> 984
1776 -> 1775
1777 -> 2098,538
1778 -> 1777
1779 -> 1778
178 -> 179,256
1780 -> 1782
1781 -> 512
1782 -> 1781
1783 -> 1110
1784 -> 1783,2073
1785 -> 1784
1786 -> 1787,1822
1787 -> 1788
1788 -> 1641
1789 -> 1615
179 -> 180,228
1790 -> 1789
1791 -> 1790
1792 -> 1794
1793 -> 1792
1794 -> 1204
1795 -> 1796
1796 -> 632
1797 -> 1795
1798 -> 1799
1799 -> 1580
18 -> 17
180 -> 115
1800 -> 1798
1801 -> 628
1802 -> 1803
1803 -> 1801
1804 -> 1005
1805 -> 1806
1806 -> 1804
1807 -> 695
1808 -> 1809
1809 -> 1807
181 -> 182
1810 -> 1811
1811 -> 580
1812 -> 1810
1813 -> 1231
1814 -> 1815,2614
1815 -> 1813
1816 -> 1818
1817 -> 1353
1818 -> 1817
1819 -> 1821
182 -> 183
1820 -> 646
1821 -> 1820
1822 -> 1824
1823 -> 1786
1824 -> 1823
1825 -> 1063
1826 -> 1827
1827 -> 1825
1828 -> 1830
1829 -> 2218,867
183 -> 169,901
1830 -> 1829,2021
1831 -> 90
1832 -> 1831
1833 -> 1832
1834 -> 1836
1835 -> 842
1836 -> 1835
1837 -> 1838
1838 -> 315
1839 -> 1837
184 -> 185
1840 -> 1842
1841 -> 110
1842 -> 1841
1843 -> 1844
1844 -> 1845
1845 -> 1245
1846 -> 1848
1847 -> 156
1848 -> 1847
1849 -> 1851
185 -> 102,1209,203,694
1850 -> 1849
1851 -> 122,2624
1852 -> 1854
1853 -> 561
1854 -> 1853
1855 -> 1181
1856 -> 1857
1857 -> 1855
1858 -> 1859
1859 -> 1860
186 -> 184,555
1860 -> 426
1861 -> 1863
1862 -> 1861
1863 -> 2531,644
1864 -> 1865
1865 -> 225
1866 -> 1864
1867 -> 1869
1868 -> 911
1869 -> 1868
187 -> 1670,189,2056,523
1870 -> 874
1871 -> 1870,2576
1872 -> 1871
1873 -> 1875
1874 -> 1873
1875 -> 1618
1876 -> 1877
1877 -> 583
1878 -> 1876
1879 -> 1881
188 -> 187,1927,2394,579
1880 -> 1879
1881 -> 937
1882 -> 1236
1883 -> 1882
1884 -> 1883
1885 -> 447
1886 -> 1887
1887 -> 1885,2240
1888 -> 1889
1889 -> 1890
189 -> 1090,195,357,6
1890 -> 1368
1891 -> 1892
1892 -> 148
1893 -> 1891
1894 -> 1895
1895 -> 1715,2410
1896 -> 1894
1897 -> 1898,2556
1898 -> 808
1899 -> 1897
19 -> 17
190 -> 1046,191,794
1900 -> 1902
1901 -> 1900
1902 -> 143
1903 -> 1904
1904 -> 2535,972
1905 -> 1903
1906 -> 1908
1907 -> 1906,2039
1908 -> 789
1909 -> 1910,1991
191 -> 192
1910 -> 2143,69
1911 -> 1909
1912 -> 1502
1913 -> 1912
1914 -> 1913
1915 -> 1917,1937
1916 -> 333
1917 -> 1916
1918 -> 1919
1919 -> 1920
192 -> 84
1920 -> 840
1921 -> 610
1922 -> 1923,2048
1923 -> 1921
1924 -> 1330
1925 -> 1924
1926 -> 1925
1927 -> 1928
1928 -> 1929
1929 -> 188
193 -> 194
1930 -> 1931
1931 -> 1932
1932 -> 1392
1933 -> 1935,2280,2359
1934 -> 173
1935 -> 1934,2663
1936 -> 1915
1937 -> 1938
1938 -> 1936
1939 -> 1940
194 -> 1169,1493,189
1940 -> 1941,2180
1941 -> 1364
1942 -> 436
1943 -> 1942
1944 -> 1943
1945 -> 1947
1946 -> 1945
1947 -> 1479
1948 -> 574
1949 -> 1948,2293
195 -> 1681,193,321
1950 -> 1949
1951 -> 1952
1952 -> 1953
1953 -> 1348
1954 -> 1677
1955 -> 1956,2127
1956 -> 1954
1957 -> 694
1958 -> 1959
1959 -> 1957
196 -> 198,413
1960 -> 1961
1961 -> 1962
1962 -> 541
1963 -> 1964
1964 -> 1306
1965 -> 1963
1966 -> 1967
1967 -> 1968
1968 -> 341
1969 -> 1971,2086
197 -> 196,2413
1970 -> 1221
1971 -> 1970
1972 -> 1973
1973 -> 1974
1974 -> 622
1975 -> 1977
1976 -> 2562,547
1977 -> 1976
1978 -> 1979
1979 -> 1980,2540
198 -> 153
1980 -> 2581,827
1981 -> 1097
1982 -> 1983
1983 -> 1981
1984 -> 1985
1985 -> 1986
1986 -> 1613
1987 -> 1988
1988 -> 809
1989 -> 1987,2382
199 -> 200,229
1990 -> 1909
1991 -> 1992
1992 -> 1990
1993 -> 1995
1994 -> 226
1995 -> 1994,2128
1996 -> 1997
1997 -> 220
1998 -> 1996
1999 -> 2000
2 -> 2192,281,3,900
20 -> 19,2429,590
200 -> 201
2000 -> 2001,2237
2001 -> 757
2002 -> 2004
2003 -> 2002
2004 -> 1572
2005 -> 53
2006 -> 2005
2007 -> 2006
2008 -> 2009
2009 -> 2010
201 -> 126,2150
2010 -> 1221
2011 -> 2013
2012 -> 2011
2013 -> 611
2014 -> 2016
2015 -> 1575
2016 -> 2015
2017 -> 1722
2018 -> 2019
2019 -> 2017
202 -> 1151,1195,185,339
2020 -> 1830
2021 -> 2022
2022 -> 2020
2023 -> 2025
2024 -> 2023,2677
2025 -> 1516
2026 -> 2346,775
2027 -> 2028
2028 -> 2026
2029 -> 2030
203 -> 204
2030 -> 2031
2031 -> 1025
2032 -> 2033
2033 -> 1162
2034 -> 2032
2035 -> 2037
2036 -> 2035
2037 -> 1118
2038 -> 2040,2225
2039 -> 2038
204 -> 202
2040 -> 1907
2041 -> 2042
2042 -> 2043
2043 -> 730
2044 -> 2045
2045 -> 1115
2046 -> 2044
2047 -> 1922
2048 -> 2049
2049 -> 2047
205 -> 247,69
2050 -> 2051
2051 -> 1556
2052 -> 2050
2053 -> 67
2054 -> 2055
2055 -> 2053
2056 -> 2058
2057 -> 187
2058 -> 2057
2059 -> 2060
206 -> 205,2458,614
2060 -> 2061
2061 -> 1469
2062 -> 2063
2063 -> 1509
2064 -> 2062
2065 -> 2066
2066 -> 1389,2798
2067 -> 2065
2068 -> 2070
2069 -> 2068
207 -> 1403,206,476
2070 -> 126,2403
2071 -> 2072
2072 -> 1784
2073 -> 2071
2074 -> 2076
2075 -> 2074
2076 -> 1493
2077 -> 664
2078 -> 2079
2079 -> 2077
208 -> 1258,423,63
2080 -> 352
2081 -> 2080
2082 -> 2081
2083 -> 1645
2084 -> 2083
2085 -> 2084
2086 -> 2087
2087 -> 2088
2088 -> 1969
2089 -> 2090
209 -> 1190,210,275
2090 -> 2091,2363
2091 -> 1088
2092 -> 2093
2093 -> 1085
2094 -> 2092
2095 -> 590
2096 -> 2095
2097 -> 2096
2098 -> 2099
2099 -> 2100
21 -> 20,23
210 -> 208,288
2100 -> 1777
2101 -> 2102
2102 -> 2103
2103 -> 1350
2104 -> 2105
2105 -> 2106
2106 -> 1313
2107 -> 1699
2108 -> 2109
2109 -> 2107
211 -> 212
2110 -> 574
2111 -> 2110,2324
2112 -> 2111
2113 -> 2114
2114 -> 2115
2115 -> 421
2116 -> 2117
2117 -> 772
2118 -> 2116
2119 -> 2120
212 -> 213
2120 -> 781
2121 -> 2119
2122 -> 2124
2123 -> 699
2124 -> 2123
2125 -> 2126
2126 -> 1955
2127 -> 2125
2128 -> 2129
2129 -> 2130
213 -> 40
2130 -> 1995
2131 -> 2132
2132 -> 1677
2133 -> 2131
2134 -> 1597
2135 -> 2136
2136 -> 2134,2553
2137 -> 1545
2138 -> 2137
2139 -> 2138
214 -> 216,431
2140 -> 2141
2141 -> 106
2142 -> 2140
2143 -> 2144,2487
2144 -> 2145
2145 -> 1910
2146 -> 1257
2147 -> 2146
2148 -> 2147
2149 -> 201
215 -> 214
2150 -> 2151
2151 -> 2149
2152 -> 2154
2153 -> 1159
2154 -> 2153
2155 -> 2156
2156 -> 2157
2157 -> 632
2158 -> 2160
2159 -> 2158
216 -> 1397,36,966
2160 -> 1436
2161 -> 2162
2162 -> 981
2163 -> 2161
2164 -> 2165
2165 -> 1660
2166 -> 2164
2167 -> 2169,2687
2168 -> 1085,2383
2169 -> 2168
217 -> 1097,219,327
2170 -> 2172
2171 -> 1265
2172 -> 2171
2173 -> 2175
2174 -> 2173
2175 -> 529
2176 -> 1633
2177 -> 2178
2178 -> 2176
2179 -> 2181,2669
218 -> 1731,217
2180 -> 2179,2404
2181 -> 1940
2182 -> 1425
2183 -> 2182
2184 -> 2183
2185 -> 2186
2186 -> 1112
2187 -> 2185
2188 -> 1360
2189 -> 2190
219 -> 487,54
2190 -> 2188
2191 -> 2193,2196
2192 -> 2191
2193 -> 2
2194 -> 2191
2195 -> 2194
2196 -> 2195,2757
2197 -> 2198
2198 -> 2199
2199 -> 318
22 -> 21,74
220 -> 1998,2497,75
2200 -> 2201
2201 -> 2202
2202 -> 823
2203 -> 552
2204 -> 2205
2205 -> 2203
2206 -> 2208
2207 -> 2206
2208 -> 1220
2209 -> 2211
221 -> 220
2210 -> 2209,2462
2211 -> 1645
2212 -> 1064
2213 -> 2214
2214 -> 2212
2215 -> 2216
2216 -> 52
2217 -> 2215
2218 -> 2219
2219 -> 2220
222 -> 221
2220 -> 1829,2558
2221 -> 2223
2222 -> 2765,438
2223 -> 2222
2224 -> 2226
2225 -> 2224
2226 -> 2038
2227 -> 1078
2228 -> 2227
2229 -> 2228
223 -> 225
2230 -> 1182
2231 -> 2230
2232 -> 2231
2233 -> 372
2234 -> 2235
2235 -> 2233
2236 -> 2000
2237 -> 2238
2238 -> 2236
2239 -> 2241
224 -> 223
2240 -> 2239
2241 -> 1887
2242 -> 2244
2243 -> 732
2244 -> 2243
2245 -> 268
2246 -> 2247
2247 -> 2245
2248 -> 2250
2249 -> 1287
225 -> 1866,502,64,838
2250 -> 2249
2251 -> 338
2252 -> 2251,2653
2253 -> 2252
2254 -> 354
2255 -> 2256
2256 -> 2254
2257 -> 2258
2258 -> 2259
2259 -> 1454
226 -> 179,1993,2542
2260 -> 2262
2261 -> 1563
2262 -> 2261
2263 -> 1254
2264 -> 2265
2265 -> 2263
2266 -> 2268
2267 -> 105
2268 -> 2267
2269 -> 2270
227 -> 1254,226
2270 -> 124
2271 -> 2269
2272 -> 2273
2273 -> 2274
2274 -> 1344
2275 -> 2276
2276 -> 2277
2277 -> 1048
2278 -> 1933
2279 -> 2278
228 -> 227,727
2280 -> 2279
2281 -> 247
2282 -> 2281
2283 -> 2282
2284 -> 2285
2285 -> 2286
2286 -> 343
2287 -> 2288
2288 -> 2289
2289 -> 1355
229 -> 230,2416
2290 -> 2292,2785
2291 -> 1142
2292 -> 2291
2293 -> 2295,2512
2294 -> 1949
2295 -> 2294
2296 -> 446
2297 -> 2298
2298 -> 2296
2299 -> 2301
23 -> 24
230 -> 231,407
2300 -> 2299
2301 -> 1056
2302 -> 2304
2303 -> 75
2304 -> 2303
2305 -> 2307
2306 -> 2337,781
2307 -> 2306
2308 -> 617
2309 -> 2308
231 -> 199
2310 -> 2309
2311 -> 2313
2312 -> 736
2313 -> 2312
2314 -> 1652
2315 -> 2314
2316 -> 2315
2317 -> 2318
2318 -> 438
2319 -> 2317
232 -> 126
2320 -> 2321
2321 -> 1540
2322 -> 2320
2323 -> 2111
2324 -> 2325
2325 -> 2323
2326 -> 2328
2327 -> 1162
2328 -> 2327
2329 -> 2330
233 -> 234,642,984
2330 -> 2331
2331 -> 1197
2332 -> 2334
2333 -> 2332
2334 -> 826
2335 -> 2306
2336 -> 2335
2337 -> 2336
2338 -> 1052
2339 -> 2340,2758
234 -> 232,841
2340 -> 2338
2341 -> 2343
2342 -> 1682
2343 -> 2342
2344 -> 2345
2345 -> 2026
2346 -> 2344
2347 -> 2348
2348 -> 2349
2349 -> 1015
235 -> 146
2350 -> 928
2351 -> 2350
2352 -> 2351
2353 -> 878
2354 -> 2353
2355 -> 2354
2356 -> 61
2357 -> 2358
2358 -> 2356
2359 -> 2360
236 -> 1732,235
2360 -> 2361
2361 -> 1933
2362 -> 2090
2363 -> 2364
2364 -> 2362
2365 -> 2366
2366 -> 449
2367 -> 2365
2368 -> 174
2369 -> 2370
237 -> 236
2370 -> 2368
2371 -> 2372
2372 -> 1222
2373 -> 2371
2374 -> 2376
2375 -> 562
2376 -> 2375
2377 -> 2378
2378 -> 1492
2379 -> 2377
238 -> 1095,240,569
2380 -> 2381
2381 -> 1989
2382 -> 2380
2383 -> 2384
2384 -> 2385
2385 -> 2168
2386 -> 2387
2387 -> 1060
2388 -> 2386
2389 -> 2390
239 -> 93
2390 -> 760
2391 -> 2389
2392 -> 2393
2393 -> 188
2394 -> 2392
2395 -> 2397
2396 -> 2395
2397 -> 1583
2398 -> 304
2399 -> 2398
24 -> 147,1755,22
240 -> 239,2607
2400 -> 2399
2401 -> 2070
2402 -> 2401
2403 -> 2402
2404 -> 2406
2405 -> 2180
2406 -> 2405
2407 -> 2408
2408 -> 2409,2611
2409 -> 1021
241 -> 16,399
2410 -> 2412
2411 -> 1895
2412 -> 2411
2413 -> 2414
2414 -> 2415
2415 -> 197
2416 -> 2417
2417 -> 2418
2418 -> 229
2419 -> 1046
242 -> 243
2420 -> 2419
2421 -> 2420
2422 -> 2424
2423 -> 2422
2424 -> 674
2425 -> 2427
2426 -> 2425
2427 -> 498
2428 -> 20,2464
2429 -> 2430
243 -> 241
2430 -> 2428
2431 -> 1229
2432 -> 2433
2433 -> 2431
2434 -> 1166
2435 -> 2434
2436 -> 2435
2437 -> 2439
2438 -> 2778,304
2439 -> 2438
244 -> 245,403
2440 -> 2441
2441 -> 2442
2442 -> 1608
2443 -> 2444
2444 -> 277
2445 -> 2443
2446 -> 630
2447 -> 2446
2448 -> 2447
2449 -> 2450
245 -> 246
2450 -> 1427
2451 -> 2449
2452 -> 2454
2453 -> 707
2454 -> 2453
2455 -> 2456
2456 -> 2457
2457 -> 552
2458 -> 2459
2459 -> 2460
246 -> 98
2460 -> 206
2461 -> 2210
2462 -> 2463
2463 -> 2461
2464 -> 2466
2465 -> 2428
2466 -> 2465
2467 -> 2468
2468 -> 794
2469 -> 2467,2488
247 -> 2283,249
2470 -> 1452
2471 -> 2470
2472 -> 2471
2473 -> 1709
2474 -> 2473
2475 -> 2474
2476 -> 347
2477 -> 2476
2478 -> 2477
2479 -> 2481
248 -> 205,360
2480 -> 441
2481 -> 2480
2482 -> 1652
2483 -> 2484
2484 -> 2482
2485 -> 2486,2603
2486 -> 2143
2487 -> 2485
2488 -> 2489
2489 -> 2490
249 -> 248
2490 -> 2469
2491 -> 2493
2492 -> 415
2493 -> 2492
2494 -> 2495
2495 -> 887
2496 -> 2494
2497 -> 2498
2498 -> 2499
2499 -> 220
25 -> 1389,27,2774,28,54
250 -> 251,375,427
2500 -> 2501
2501 -> 1207
2502 -> 2500
2503 -> 2505
2504 -> 2503
2505 -> 408
2506 -> 2507
2507 -> 2508
2508 -> 803
2509 -> 1153,2779
251 -> 48
2510 -> 2509
2511 -> 2510
2512 -> 2513
2513 -> 2514
2514 -> 2293
2515 -> 905
2516 -> 2515
2517 -> 2516
2518 -> 1100
2519 -> 2520
252 -> 250,725
2520 -> 2518
2521 -> 2522
2522 -> 993
2523 -> 2521
2524 -> 2526
2525 -> 2524
2526 -> 452
2527 -> 1368
2528 -> 2529
2529 -> 2527
253 -> 255
2530 -> 1863
2531 -> 2532
2532 -> 2530
2533 -> 1904
2534 -> 2533
2535 -> 2534
2536 -> 861
2537 -> 2538
2538 -> 2536
2539 -> 1979
254 -> 1464,393,40
2540 -> 2541
2541 -> 2539
2542 -> 2544
2543 -> 226
2544 -> 2543
2545 -> 2547
2546 -> 2545
2547 -> 408
2548 -> 2549
2549 -> 2550
255 -> 254,521
2550 -> 1061
2551 -> 2136
2552 -> 2551,2564
2553 -> 2552
2554 -> 1897
2555 -> 2554
2556 -> 2555
2557 -> 2220
2558 -> 2559
2559 -> 2557
256 -> 1074,258
2560 -> 1976
2561 -> 2560
2562 -> 2561
2563 -> 2565
2564 -> 2563
2565 -> 2552
2566 -> 377
2567 -> 2568
2568 -> 2566
2569 -> 2571
257 -> 178
2570 -> 1618
2571 -> 2570
2572 -> 2574
2573 -> 2572
2574 -> 1667
2575 -> 2577
2576 -> 2575
2577 -> 1871
2578 -> 2579
2579 -> 479
258 -> 257
2580 -> 2578
2581 -> 2583
2582 -> 1980
2583 -> 2582
2584 -> 672
2585 -> 2586
2586 -> 2584
2587 -> 2589
2588 -> 510
2589 -> 2588
259 -> 16,1659
2590 -> 1328,2784
2591 -> 2592
2592 -> 2590
2593 -> 1666
2594 -> 2593
2595 -> 2594
2596 -> 2598,2665
2597 -> 1712,2618
2598 -> 2597
2599 -> 2600
26 -> 25,497
260 -> 261
2600 -> 1663
2601 -> 2599
2602 -> 2485
2603 -> 2604
2604 -> 2602
2605 -> 240
2606 -> 2605
2607 -> 2606
2608 -> 313
2609 -> 2610
261 -> 259
2610 -> 2608
2611 -> 2613
2612 -> 2408
2613 -> 2612
2614 -> 2615
2615 -> 2616
2616 -> 1814
2617 -> 2619
2618 -> 2617
2619 -> 2597
262 -> 264
2620 -> 2622
2621 -> 1131
2622 -> 2621
2623 -> 1851
2624 -> 2625
2625 -> 2623
2626 -> 2627
2627 -> 2628
2628 -> 126
2629 -> 2631
263 -> 117,346,445
2630 -> 323
2631 -> 2630
2632 -> 1359
2633 -> 2634
2634 -> 2632
2635 -> 2636
2636 -> 1583
2637 -> 2635
2638 -> 56
2639 -> 2640
264 -> 263
2640 -> 2638
2641 -> 2643
2642 -> 1350
2643 -> 2642
2644 -> 2646
2645 -> 2644
2646 -> 815
2647 -> 2648
2648 -> 2649
2649 -> 1735
265 -> 63
2650 -> 2651
2651 -> 1161
2652 -> 2650
2653 -> 2654
2654 -> 2655
2655 -> 2252
2656 -> 2658
2657 -> 619
2658 -> 2657
2659 -> 2661
266 -> 1601,267
2660 -> 2659
2661 -> 1075
2662 -> 1935
2663 -> 2664
2664 -> 2662
2665 -> 2667
2666 -> 2596
2667 -> 2666
2668 -> 2179
2669 -> 2670
267 -> 265,451,505
2670 -> 2668
2671 -> 95
2672 -> 2673
2673 -> 2671
2674 -> 2675
2675 -> 2676
2676 -> 601
2677 -> 2678
2678 -> 2679
2679 -> 2024
268 -> 2246,269
2680 -> 814
2681 -> 2682
2682 -> 2680
2683 -> 113,2771
2684 -> 2685
2685 -> 2683
2686 -> 2167
2687 -> 2688
2688 -> 2686
2689 -> 2690
269 -> 1079,158
2690 -> 73
2691 -> 2689
2692 -> 2693
2693 -> 2694
2694 -> 118
2695 -> 2696
2696 -> 158
2697 -> 2695
2698 -> 2700
2699 -> 2698
27 -> 1277,36,4,923
270 -> 268
2700 -> 1154
2701 -> 2703
2702 -> 104
2703 -> 2702
2704 -> 2706
2705 -> 981
2706 -> 2705
2707 -> 1185,2769
2708 -> 2709
2709 -> 2707
271 -> 134,1480,411
2710 -> 2712
2711 -> 1710
2712 -> 2711
2713 -> 2714
2714 -> 301
2715 -> 2713
2716 -> 2717
2717 -> 654
2718 -> 2716
2719 -> 2720
272 -> 271,954
2720 -> 2721
2721 -> 976
2722 -> 2723
2723 -> 799
2724 -> 2722
2725 -> 2727
2726 -> 2725
2727 -> 1370
2728 -> 2730
2729 -> 2728
273 -> 272
2730 -> 1541
2731 -> 831
2732 -> 2731
2733 -> 2732
2734 -> 2736
2735 -> 2734
2736 -> 1654
2737 -> 1752
2738 -> 2739
2739 -> 2737
274 -> 209
2740 -> 2742
2741 -> 2740
2742 -> 511
2743 -> 2745
2744 -> 2743
2745 -> 1585
2746 -> 2748
2747 -> 2746
2748 -> 509
2749 -> 2750
275 -> 276
2750 -> 2751
2751 -> 650
2752 -> 2754
2753 -> 2752
2754 -> 74
2755 -> 2756
2756 -> 2196
2757 -> 2755
2758 -> 2759
2759 -> 2760
276 -> 274,482
2760 -> 2339
2761 -> 2762,2790
2762 -> 2763
2763 -> 578
2764 -> 2766
2765 -> 2764
2766 -> 2222
2767 -> 2707
2768 -> 2767
2769 -> 2768
277 -> 2445,279
2770 -> 2772
2771 -> 2770
2772 -> 2683
2773 -> 25
2774 -> 2775
2775 -> 2773
2776 -> 2777
2777 -> 2438
2778 -> 2776
2779 -> 2781
278 -> 277
2780 -> 2509
2781 -> 2780
2782 -> 2590
2783 -> 2782
2784 -> 2783
2785 -> 2786
2786 -> 2787
2787 -> 2290
2788 -> 2761
2789 -> 2788
279 -> 126,349
2790 -> 2789
2791 -> 2792
2792 -> 375
2793 -> 2791
2794 -> 2796
2795 -> 2794
2796 -> 512
2797 -> 2066
2798 -> 2799
2799 -> 2797
28 -> 29
280 -> 282,388
281 -> 280
282 -> 2,304
283 -> 65
284 -> 283,825
285 -> 284
286 -> 287,377
287 -> 1271,210,612
288 -> 1103,286,294,737
289 -> 1381,291
29 -> 30,32,666,88
290 -> 1533,289,576
291 -> 102,1660,756
292 -> 293,904
293 -> 288
294 -> 292,459
295 -> 296
296 -> 31,657
297 -> 1158,295
298 -> 300
299 -> 1127,298
3 -> 0,10,4,41,510
30 -> 25
300 -> 72
301 -> 2715,34,584
302 -> 301,628
303 -> 302,334,468
304 -> 2400,2437,305,501
305 -> 306
306 -> 282
307 -> 309
308 -> 307,540
309 -> 1506,169
31 -> 29,297
310 -> 312
311 -> 88
312 -> 311,534
313 -> 1525,161,2609
314 -> 1013,315
315 -> 1839,313
316 -> 1767,84
317 -> 316
318 -> 2197,317
319 -> 1514,195,648
32 -> 33
320 -> 319
321 -> 1056,320,624
322 -> 1230,323
323 -> 1193,142,2629
324 -> 322
325 -> 217
326 -> 325,527
327 -> 326,362,744
328 -> 161,602
329 -> 1330,1420,1502,328,387
33 -> 1117,31
330 -> 329
331 -> 332
332 -> 333
333 -> 1268,1915,39
334 -> 335
335 -> 336
336 -> 303
337 -> 202,803
338 -> 2253,337,572
339 -> 338
34 -> 303,35
340 -> 145,543
341 -> 1966,340
342 -> 341,564
343 -> 2284,345,936
344 -> 88
345 -> 1495,344
346 -> 1547,1637,347
347 -> 2478,348
348 -> 263
349 -> 350
35 -> 143,27,798
350 -> 351,771
351 -> 279,869
352 -> 2082,353
353 -> 354
354 -> 2255,77
355 -> 189
356 -> 355
357 -> 356
358 -> 359,381
359 -> 248,682
36 -> 215,34,63
360 -> 1015,358
361 -> 363
362 -> 361
363 -> 327
364 -> 366
365 -> 168
366 -> 1739,365
367 -> 369,596
368 -> 367
369 -> 43
37 -> 1,59
370 -> 371,813
371 -> 53
372 -> 2234,370,419
373 -> 374
374 -> 250,426
375 -> 2793,373,731
376 -> 1735,378,658
377 -> 2567,376
378 -> 1599,286,747
379 -> 380
38 -> 37
380 -> 358
381 -> 379
382 -> 383
383 -> 384
384 -> 122
385 -> 329
386 -> 1715,385
387 -> 386
388 -> 389
389 -> 390
39 -> 1419,331,38
390 -> 280,861
391 -> 254
392 -> 1065,391
393 -> 392
394 -> 396
395 -> 394
396 -> 124
397 -> 241
398 -> 397,544,632
399 -> 398
4 -> 26,5
40 -> 211,253,42
400 -> 402,600
401 -> 400
402 -> 61
403 -> 404
404 -> 405
405 -> 1336,244
406 -> 230
407 -> 408
408 -> 2504,2546,406
409 -> 271
41 -> 120,40,64
410 -> 409,627
411 -> 1409,1656,410
412 -> 196
413 -> 414,486,734
414 -> 412,942
415 -> 1147,155,1710,2491
416 -> 417
417 -> 415
418 -> 420
419 -> 418
42 -> 3,454,821,932
420 -> 1088,372
421 -> 2113,422
422 -> 208
423 -> 1029,421
424 -> 374
425 -> 1702,424
426 -> 1858,425,951
427 -> 428
428 -> 429
429 -> 250
43 -> 122,17,368,70,82
430 -> 432
431 -> 430,620
432 -> 1723,214
433 -> 44
434 -> 433
435 -> 434,669
436 -> 104,1944
437 -> 436
438 -> 2221,2319,437
439 -> 1630,440
44 -> 158,435,45,76
440 -> 89
441 -> 2479,439
442 -> 443
443 -> 444
444 -> 10
445 -> 1273,446,618
446 -> 2297,447
447 -> 1886,263
448 -> 449
449 -> 2367,550,73,783
45 -> 43,80
450 -> 448
451 -> 452
452 -> 2525,453
453 -> 267
454 -> 456
455 -> 42
456 -> 1341,455,827
457 -> 294
458 -> 457
459 -> 458,678
46 -> 0
460 -> 461
461 -> 462,469
462 -> 0,1307
463 -> 465
464 -> 644,71
465 -> 464
466 -> 1612,303
467 -> 466,741
468 -> 467
469 -> 470,766
47 -> 46,587,99
470 -> 471
471 -> 1224,461
472 -> 163
473 -> 474,593
474 -> 472
475 -> 207
476 -> 1679,477
477 -> 475
478 -> 479
479 -> 1251,2580,480
48 -> 133,252,47
480 -> 133
481 -> 276
482 -> 483,681
483 -> 481
484 -> 1221,485
485 -> 413,606
486 -> 1051,484
487 -> 488
488 -> 489
489 -> 219
49 -> 1
490 -> 102
491 -> 1037,492
492 -> 490
493 -> 495
494 -> 493
495 -> 707,84
496 -> 26
497 -> 498
498 -> 2426,496
499 -> 304
5 -> 1437,6
50 -> 1635,51
500 -> 499,990
501 -> 500,513
502 -> 503,809
503 -> 504
504 -> 225
505 -> 507
506 -> 267
507 -> 506
508 -> 3,874
509 -> 1424,2747,508
51 -> 175,49
510 -> 2587,509
511 -> 1025,2741,512,850
512 -> 1780,2795,501
513 -> 511
514 -> 164,776
515 -> 516
516 -> 514
517 -> 105,686
518 -> 517,881
519 -> 518
52 -> 2217,25,609,981
520 -> 522
521 -> 520
522 -> 255
523 -> 525,702
524 -> 187
525 -> 524
526 -> 528,773
527 -> 526
528 -> 326
529 -> 124,2174,561,865
53 -> 107,2007,372,52
530 -> 529
531 -> 530
532 -> 533
533 -> 312
534 -> 532
535 -> 57,790
536 -> 537
537 -> 535
538 -> 1779,308
539 -> 1186,538
54 -> 218,53
540 -> 539
541 -> 1960,340
542 -> 541
543 -> 542
544 -> 545
545 -> 546,693
546 -> 398
547 -> 1975,548,892
548 -> 62
549 -> 547
55 -> 56,805
550 -> 551
551 -> 552
552 -> 2204,2455,449
553 -> 1305,186
554 -> 553
555 -> 554
556 -> 64
557 -> 1217,558
558 -> 556,566
559 -> 529
56 -> 2639,8,883
560 -> 559
561 -> 1852,560
562 -> 2374,342
563 -> 562
564 -> 563
565 -> 567
566 -> 565
567 -> 558
568 -> 570
569 -> 568
57 -> 536,55
570 -> 238,652
571 -> 573,916
572 -> 1489,571
573 -> 338
574 -> 1950,2112,575
575 -> 290,753
576 -> 574,690
577 -> 188
578 -> 2761,577
579 -> 578
58 -> 37
580 -> 167,1812
581 -> 582
582 -> 580
583 -> 1878,585,722
584 -> 583
585 -> 301
586 -> 588
587 -> 586
588 -> 47
589 -> 591
59 -> 1233,60
590 -> 2097,589
591 -> 20
592 -> 1235,473
593 -> 594
594 -> 1138,592
595 -> 367
596 -> 597
597 -> 595
598 -> 400
599 -> 1069,598
6 -> 14,188,3
60 -> 129,162,1625,58
600 -> 599
601 -> 2674,603,788
602 -> 1289,601
603 -> 328
604 -> 485
605 -> 604
606 -> 605
607 -> 608
608 -> 1199,52
609 -> 607
61 -> 2357,36,401
610 -> 1922,611
611 -> 2012,287
612 -> 610
613 -> 206,662
614 -> 615
615 -> 613,698
616 -> 617
617 -> 2310,445
618 -> 616
619 -> 1453,2656,621
62 -> 1159,1241,549,61
620 -> 619
621 -> 431,962
622 -> 1972,623
623 -> 321
624 -> 622
625 -> 1447,626
626 -> 410
627 -> 625
628 -> 1802,630
629 -> 302
63 -> 1405,209,266,62
630 -> 2448,629,638
631 -> 398
632 -> 1797,2155,633
633 -> 1401,631
634 -> 100
635 -> 636
636 -> 634,710
637 -> 630
638 -> 639
639 -> 637
64 -> 224,557,65,69
640 -> 233,833
641 -> 640
642 -> 641
643 -> 645
644 -> 1333,1862,643
645 -> 464
646 -> 1021,1819,319
647 -> 646
648 -> 647
649 -> 651
65 -> 1523,170,285,66,703,897
650 -> 116,2749
651 -> 1039,650,672,764,947
652 -> 654
653 -> 570
654 -> 2718,653
655 -> 1113,296
656 -> 655,856
657 -> 656
658 -> 660
659 -> 376
66 -> 41,835
660 -> 659
661 -> 613
662 -> 663,907
663 -> 661
664 -> 1020,1034,2078,29
665 -> 664
666 -> 665,957
667 -> 1580,668
668 -> 435
669 -> 667
67 -> 2054,64,719
670 -> 651
671 -> 670
672 -> 2585,671
673 -> 1084,675,757
674 -> 114,2423
675 -> 674
676 -> 677
677 -> 1287,459,915
678 -> 676,872
679 -> 680
68 -> 151,67
680 -> 482
681 -> 679
682 -> 683
683 -> 684
684 -> 359
685 -> 687
686 -> 1440,685
687 -> 517,715
688 -> 689
689 -> 576
69 -> 1911,207,68
690 -> 688
691 -> 545
692 -> 691
693 -> 692
694 -> 1958,695
695 -> 1808,696
696 -> 185
697 -> 699
698 -> 697
699 -> 2122,615,937
7 -> 9
70 -> 72
700 -> 701
701 -> 1355,523
702 -> 700
703 -> 705
704 -> 1386,65
705 -> 704,864
706 -> 708,877
707 -> 2452,706
708 -> 495
709 -> 636,760
71 -> 43,463,86
710 -> 711
711 -> 709
712 -> 110
713 -> 714
714 -> 1459,1540,712
715 -> 716
716 -> 717
717 -> 687
718 -> 67
719 -> 720
72 -> 299,71
720 -> 718
721 -> 723
722 -> 721
723 -> 583
724 -> 252
725 -> 726
726 -> 724
727 -> 729
728 -> 228
729 -> 728
73 -> 2691,450,75
730 -> 2041,375
731 -> 732
732 -> 2242,730
733 -> 735
734 -> 733
735 -> 413
736 -> 2311,738
737 -> 736
738 -> 288
739 -> 740
74 -> 2753,73
740 -> 467
741 -> 1370,739
742 -> 1007,743
743 -> 327
744 -> 742
745 -> 746
746 -> 1487,378
747 -> 745
748 -> 750
749 -> 99
75 -> 22,222,2302
750 -> 749
751 -> 752
752 -> 575
753 -> 751
754 -> 291
755 -> 754,996
756 -> 755
757 -> 1999,758
758 -> 759
759 -> 673
76 -> 102,116,78
760 -> 2391,761,830
761 -> 762
762 -> 1427,1465,709
763 -> 651
764 -> 765
765 -> 1760,763
766 -> 1042,1373,767
767 -> 1061,768
768 -> 469
769 -> 770
77 -> 110,352,44
770 -> 350
771 -> 769
772 -> 2118,774
773 -> 772
774 -> 526
775 -> 2027,777
776 -> 775
777 -> 514
778 -> 779
779 -> 780
78 -> 77
780 -> 103
781 -> 2121,2305,782
782 -> 449
783 -> 781
784 -> 94
785 -> 784
786 -> 785
787 -> 1314,789
788 -> 1451,787
789 -> 1907,601
79 -> 81
790 -> 791
791 -> 792
792 -> 535
793 -> 190
794 -> 2469,795
795 -> 793
796 -> 797
797 -> 35
798 -> 796
799 -> 2724,801
8 -> 57,7
80 -> 79
800 -> 166
801 -> 800,972
802 -> 804
803 -> 1446,2506,802
804 -> 337
805 -> 806
806 -> 807
807 -> 55
808 -> 1899,810
809 -> 1989,808
81 -> 148,45
810 -> 502
811 -> 812
812 -> 370
813 -> 811,929
814 -> 2681,815
815 -> 2645,816
816 -> 143
817 -> 819
818 -> 817
819 -> 139
82 -> 1105,84
820 -> 822
821 -> 1049,820
822 -> 1122,42,968
823 -> 2200,824
824 -> 284
825 -> 823
826 -> 1586,2333,456,945
827 -> 1978,828
828 -> 1608,826
829 -> 760
83 -> 163,43
830 -> 831
831 -> 2733,829,886
832 -> 834
833 -> 832
834 -> 640
835 -> 837
836 -> 66,848
837 -> 1443,836
838 -> 839
839 -> 840
84 -> 190,318,494,83
840 -> 1081,1918,225
841 -> 843
842 -> 1834,234
843 -> 842
844 -> 846
845 -> 135
846 -> 1171,845
847 -> 849
848 -> 847
849 -> 836
85 -> 113,71
850 -> 1099,852
851 -> 1565,511
852 -> 851
853 -> 854
854 -> 129
855 -> 853
856 -> 858
857 -> 656
858 -> 857
859 -> 390
86 -> 87
860 -> 859
861 -> 2537,860
862 -> 863
863 -> 1291,705
864 -> 1744,862
865 -> 867
866 -> 529
867 -> 1499,1828,866
868 -> 351
869 -> 870
87 -> 1077,85,93
870 -> 1324,868
871 -> 873
872 -> 871
873 -> 678
874 -> 1872,876
875 -> 508
876 -> 875
877 -> 879
878 -> 2355,706
879 -> 878
88 -> 1518,310,343,90
880 -> 518
881 -> 1589,882
882 -> 880,889
883 -> 1211,1610,885,992
884 -> 56
885 -> 884
886 -> 888
887 -> 2496,831
888 -> 887
889 -> 890
89 -> 29,441
890 -> 891
891 -> 1650,882
892 -> 894
893 -> 1134,547
894 -> 893
895 -> 65
896 -> 1346,895
897 -> 896
898 -> 1299,899
899 -> 2
9 -> 1,137,94
90 -> 1833,89
900 -> 898
901 -> 902
902 -> 903,927
903 -> 183
904 -> 906
905 -> 2517,292
906 -> 1673,905
907 -> 908
908 -> 909
909 -> 662
91 -> 92
910 -> 114,1154
911 -> 1641,1867,910
912 -> 911
913 -> 1003,914
914 -> 677
915 -> 913
916 -> 917
917 -> 918
918 -> 571
919 -> 138
92 -> 131,87
920 -> 1000,919
921 -> 1135,920
922 -> 27
923 -> 924
924 -> 1392,922
925 -> 926
926 -> 902
927 -> 925
928 -> 2352,930
929 -> 928
93 -> 238,91
930 -> 1225,813
931 -> 42
932 -> 933
933 -> 931
934 -> 343
935 -> 934
936 -> 935
937 -> 1880,939
938 -> 1010,1115,1552,699
939 -> 938
94 -> 1432,786,95
940 -> 414
941 -> 1544,940
942 -> 941
943 -> 826
944 -> 943
945 -> 944
946 -> 948
947 -> 946
948 -> 651
949 -> 426
95 -> 1032,2672,96
950 -> 949
951 -> 1215,1538,950
952 -> 953
953 -> 272
954 -> 952
955 -> 956
956 -> 666
957 -> 955
958 -> 124
959 -> 960
96 -> 9
960 -> 958
961 -> 1365,621
962 -> 963
963 -> 961
964 -> 1558,965
965 -> 216
966 -> 964
967 -> 822
968 -> 969
969 -> 967
97 -> 1327,47
970 -> 801
971 -> 970
972 -> 1905,971
973 -> 974
974 -> 11,1166
975 -> 973
976 -> 2719,977
977 -> 978
978 -> 177
979 -> 980
98 -> 244,97
980 -> 52,985
981 -> 2163,2704,979
982 -> 233
983 -> 982
984 -> 1774,983
985 -> 986
986 -> 987
987 -> 980
988 -> 989
989 -> 500
99 -> 748,98
990 -> 988
991 -> 883
992 -> 993
993 -> 2523,991
994 -> 755
995 -> 1646,994
996 -> 995
997 -> 999
998 -> 997
999 -> 173
