25
0 1437 2149 4690 8436 10451 6735 10097 7701 9527 3162 10512 9019 5900 5143 2145 1868 3130 1271 2310 6136 9456 1884 3299 1835
1437 0 2626 5167 8913 10928 7212 10574 8178 10004 3639 10989 9496 6377 5620 2622 2345 3607 1990 2787 6613 9933 2361 3776 2312
2149 2626 0 3021 6767 8782 5066 8428 6032 7858 1493 8843 7350 4231 3474 1690 2215 1461 2702 641 4467 7787 953 1630 1864
4690 5167 3021 0 5624 7639 3923 7285 4889 6715 2408 7700 6207 3088 2331 4231 4756 2842 5243 3036 3324 6644 3494 1853 4405
8436 8913 6767 5624 0 3307 2029 2953 2217 2383 6154 3368 1875 3648 4611 7977 8502 6588 8989 6782 3234 2312 7240 5599 8151
10451 10928 8782 7639 3307 0 4044 1192 4232 2870 8169 1607 2998 5663 6626 9992 10517 8603 11004 8797 5249 2549 9255 7614 10166
6735 7212 5066 3923 2029 4044 0 3690 1294 3120 4453 4105 2612 1947 2910 6276 6801 4887 7288 5081 1533 3049 5539 3898 6450
10097 10574 8428 7285 2953 1192 3690 0 3878 2516 7815 719 2644 5309 6272 9638 10163 8249 10650 8443 4895 2195 8901 7260 9812
7701 8178 6032 4889 2217 4232 1294 3878 0 3308 5419 4293 2800 2913 3876 7242 7767 5853 8254 6047 2499 3237 6505 4864 7416
9527 10004 7858 6715 2383 2870 3120 2516 3308 0 7245 2931 2074 4739 5702 9068 9593 7679 10080 7873 4325 1875 8331 6690 9242
3162 3639 1493 2408 6154 8169 4453 7815 5419 7245 0 8230 6737 3618 2861 2703 3228 1314 3715 1508 3854 7174 1966 1017 2877
10512 10989 8843 7700 3368 1607 4105 719 4293 2931 8230 0 3059 5724 6687 10053 10578 8664 11065 8858 5310 2610 9316 7675 10227
9019 9496 7350 6207 1875 2998 2612 2644 2800 2074 6737 3059 0 4231 5194 8560 9085 7171 9572 7365 3817 2003 7823 6182 8734
5900 6377 4231 3088 3648 5663 1947 5309 2913 4739 3618 5724 4231 0 2075 5441 5966 4052 6453 4246 1348 4668 4704 3063 5615
5143 5620 3474 2331 4611 6626 2910 6272 3876 5702 2861 6687 5194 2075 0 4684 5209 3295 5696 3489 2311 5631 3947 2306 4858
2145 2622 1690 4231 7977 9992 6276 9638 7242 9068 2703 10053 8560 5441 4684 0 2211 2671 2698 1851 5677 8997 1425 2840 1860
1868 2345 2215 4756 8502 10517 6801 10163 7767 9593 3228 10578 9085 5966 5209 2211 0 3196 2421 2376 6202 9522 1950 3365 1901
3130 3607 1461 2842 6588 8603 4887 8249 5853 7679 1314 8664 7171 4052 3295 2671 3196 0 3683 1476 4288 7608 1934 1451 2845
1271 1990 2702 5243 8989 11004 7288 10650 8254 10080 3715 11065 9572 6453 5696 2698 2421 3683 0 2863 6689 10009 2437 3852 2388
2310 2787 641 3036 6782 8797 5081 8443 6047 7873 1508 8858 7365 4246 3489 1851 2376 1476 2863 0 4482 7802 1114 1645 2025
6136 6613 4467 3324 3234 5249 1533 4895 2499 4325 3854 5310 3817 1348 2311 5677 6202 4288 6689 4482 0 4254 4940 3299 5851
9456 9933 7787 6644 2312 2549 3049 2195 3237 1875 7174 2610 2003 4668 5631 8997 9522 7608 10009 7802 4254 0 8260 6619 9171
1884 2361 953 3494 7240 9255 5539 8901 6505 8331 1966 9316 7823 4704 3947 1425 1950 1934 2437 1114 4940 8260 0 2103 1599
3299 3776 1630 1853 5599 7614 3898 7260 4864 6690 1017 7675 6182 3063 2306 2840 3365 1451 3852 1645 3299 6619 2103 0 3014
1835 2312 1864 4405 8151 10166 6450 9812 7416 9242 2877 10227 8734 5615 4858 1860 1901 2845 2388 2025 5851 9171 1599 3014 0
