818 2948
138 735
565 212
596 756
110 149
56 444
495 213
331 682
62 651
781 785
780 676
638 63
252 576
399 78
632 116
481 290
797 39
174 176
153 263
108 698
257 753
774 212
812 612
209 118
84 677
656 110
603 418
90 332
75 400
590 92
39 238
24 368
576 309
635 184
780 378
726 81
583 597
13 101
723 752
605 533
74 783
805 153
734 241
404 614
71 345
139 146
396 46
323 280
567 126
614 381
413 311
592 537
737 29
311 102
353 543
744 526
50 387
732 683
436 770
716 7
556 454
371 184
428 414
780 715
71 424
706 624
39 643
9 161
105 117
431 53
431 591
146 199
649 401
298 65
155 712
546 334
269 290
244 597
580 420
797 170
121 313
434 191
392 30
19 653
313 501
529 40
69 255
731 20
714 228
74 817
555 767
319 310
747 116
175 391
345 322
360 100
795 282
83 745
102 200
374 621
328 149
110 376
222 252
152 525
85 582
549 93
52 603
401 655
739 729
773 74
316 464
9 789
798 535
325 142
611 416
703 141
580 793
800 60
777 648
653 64
267 269
378 760
219 251
168 683
170 780
542 797
176 377
602 734
390 405
113 767
96 477
467 252
86 173
414 803
417 13
454 358
496 215
169 266
685 668
502 616
449 199
570 371
347 381
295 430
5 805
119 273
103 6
196 740
508 694
162 481
192 553
50 682
566 451
751 150
76 123
259 96
65 305
251 231
70 34
461 373
245 56
34 777
292 516
352 306
703 396
210 816
617 368
448 400
671 24
574 187
371 383
260 807
542 448
728 199
284 496
123 818
180 724
770 33
312 324
645 404
758 39
81 121
317 803
190 563
156 743
778 621
786 161
328 25
182 212
365 140
221 391
296 429
351 73
619 681
469 158
783 683
367 457
539 360
460 42
53 149
288 678
348 490
580 624
799 731
526 1
50 454
454 375
545 201
544 600
232 226
659 90
306 668
732 63
95 44
480 331
723 505
264 701
637 792
466 703
766 57
300 270
226 398
443 564
318 526
707 480
285 757
586 667
117 415
427 660
265 422
414 577
494 444
370 559
668 380
816 567
467 613
104 361
377 194
715 556
168 27
432 751
631 722
355 707
814 811
229 329
729 785
408 726
406 287
678 417
220 412
297 458
319 791
674 313
231 113
220 48
514 696
197 636
314 184
44 404
335 402
467 304
320 260
550 638
739 809
577 572
348 122
157 580
608 511
766 472
503 778
731 669
775 346
370 66
19 770
597 742
702 324
373 376
376 468
783 376
789 438
261 59
669 54
107 309
40 592
258 337
649 58
616 632
64 646
309 125
310 101
645 537
557 423
410 519
653 457
529 121
324 605
440 115
458 480
39 231
633 642
99 359
27 636
211 395
505 119
604 740
420 200
645 38
370 229
463 639
219 209
217 97
626 538
589 190
494 631
22 288
412 183
317 618
201 387
772 753
312 762
428 358
62 298
216 481
329 774
455 194
349 497
23 453
795 148
137 801
527 414
676 78
786 305
512 537
653 532
91 154
277 443
444 348
429 709
766 92
219 708
516 504
738 184
648 123
2 138
405 786
707 494
474 385
341 521
237 110
465 152
748 638
270 527
352 755
756 813
297 269
637 648
709 11
184 665
607 579
690 95
770 666
679 462
648 816
782 440
219 49
113 534
710 406
262 334
561 238
767 471
418 103
470 697
803 313
5 640
418 265
347 600
315 460
615 121
429 316
674 54
749 680
4 737
187 323
723 424
372 759
67 131
489 482
326 735
510 392
591 353
470 458
56 554
347 544
700 242
694 435
442 238
171 427
192 409
380 424
435 376
257 616
455 815
474 686
291 428
170 240
751 263
626 169
201 447
440 22
385 747
98 785
449 472
810 474
353 786
427 385
283 388
450 802
434 40
507 738
485 213
408 755
669 338
194 649
767 485
569 358
571 13
542 25
506 128
501 262
149 573
565 551
161 468
731 637
271 27
311 240
365 168
481 314
117 129
781 275
736 402
196 237
404 818
719 723
98 622
136 133
113 290
590 734
683 668
460 326
467 546
708 684
413 493
87 545
811 450
368 493
98 218
761 189
390 585
412 272
522 706
53 183
182 431
475 717
186 688
323 377
279 226
174 195
694 343
286 82
241 453
486 26
354 361
673 507
604 127
163 626
60 96
97 422
782 182
413 486
217 669
677 420
787 297
458 362
556 333
4 18
667 370
559 554
185 573
86 516
88 280
340 281
700 39
630 383
812 205
637 391
128 6
344 561
402 590
494 461
48 346
674 482
396 138
623 368
414 149
50 156
591 411
816 266
726 438
728 582
529 32
268 76
14 664
58 69
153 367
120 246
266 637
12 73
213 568
87 676
92 319
517 703
749 204
298 397
579 532
447 527
257 732
264 570
120 468
670 443
728 734
432 427
65 155
475 335
576 173
68 629
504 707
196 35
179 493
624 153
198 145
645 579
613 73
799 205
613 313
379 79
380 252
236 742
601 745
239 252
205 625
160 200
51 84
308 557
790 505
407 598
711 775
197 275
658 807
407 432
814 354
11 595
35 345
204 146
183 316
26 60
262 181
635 461
636 437
197 53
751 297
113 475
708 28
468 662
395 222
534 752
220 771
596 30
336 630
531 618
342 810
110 253
184 180
113 738
260 582
309 283
800 428
342 768
683 500
96 714
704 452
599 56
710 558
125 6
143 22
493 482
57 209
792 284
796 316
412 53
306 93
771 445
238 692
115 385
195 588
414 789
473 178
91 623
741 11
462 76
339 537
450 217
200 528
312 170
149 142
741 740
708 499
448 653
588 751
271 74
746 798
498 435
136 284
317 654
38 71
340 721
16 306
325 387
435 264
71 675
510 114
332 814
441 740
564 577
639 273
452 589
343 174
21 678
574 388
636 339
147 11
732 516
180 505
806 413
327 193
754 367
699 559
317 107
564 810
536 719
270 693
348 505
49 617
336 273
111 805
542 314
194 92
395 197
515 196
453 658
590 696
220 675
77 475
629 521
244 124
208 609
635 318
358 460
32 284
569 310
15 207
19 264
458 296
593 659
556 545
99 86
599 555
85 476
232 96
621 69
215 290
35 373
99 272
560 366
317 100
637 453
213 179
287 742
236 116
454 199
296 161
150 241
100 369
45 432
709 563
656 731
343 640
345 33
59 386
186 541
577 564
262 516
232 515
547 771
223 410
351 635
98 278
656 308
804 447
162 60
5 228
69 524
584 800
358 534
736 332
55 252
151 591
544 745
93 263
421 272
25 82
196 17
172 487
504 645
721 698
648 230
498 190
398 261
114 267
50 275
603 158
548 376
520 413
23 452
770 20
202 57
702 81
337 281
122 650
673 778
191 808
638 185
567 568
148 730
242 492
175 778
306 743
624 9
364 31
364 452
403 118
499 375
360 676
88 478
344 19
256 47
633 659
647 568
246 784
227 382
191 332
287 472
22 645
16 687
787 77
402 648
181 370
521 42
446 193
381 73
456 683
700 617
80 528
483 649
451 592
490 502
405 367
655 379
193 154
304 382
565 482
128 524
190 36
720 284
443 137
277 22
697 182
743 504
68 141
733 290
453 437
431 126
447 299
506 686
566 685
695 81
54 91
421 466
575 250
499 325
541 481
657 665
88 119
87 460
626 62
167 809
262 434
195 631
402 762
171 59
464 660
28 506
103 744
414 456
739 524
540 349
501 316
209 343
230 287
51 197
159 364
159 699
536 130
258 559
801 758
150 609
206 578
281 809
138 425
47 715
684 76
150 720
107 650
300 248
122 421
621 498
436 370
239 261
683 211
795 480
580 455
119 440
718 333
648 137
409 482
499 674
338 284
526 174
250 7
14 302
750 407
128 610
476 178
224 768
813 269
407 732
78 158
325 435
348 527
718 442
78 643
343 254
553 46
756 467
241 348
60 573
441 549
525 774
431 523
307 537
73 260
4 735
349 719
388 395
465 527
450 422
654 479
86 376
551 294
112 408
352 594
408 409
476 259
434 216
470 796
383 714
545 55
410 791
285 393
473 76
346 706
94 380
337 375
194 664
626 695
734 684
418 413
587 441
402 761
669 212
84 289
105 439
215 227
161 723
57 257
33 685
614 47
47 376
743 194
467 725
430 817
655 333
474 609
551 97
130 181
168 480
317 790
579 703
47 509
245 648
416 479
181 209
570 621
21 205
577 386
207 251
502 397
693 763
805 359
256 295
755 357
43 410
333 263
100 22
649 773
568 554
628 666
591 696
244 227
10 615
245 299
250 572
329 733
348 65
590 448
810 481
721 375
498 31
427 25
179 818
434 534
199 128
662 214
95 96
481 635
75 594
694 670
425 409
354 90
652 661
651 176
48 107
1 373
697 728
185 659
772 689
131 158
223 463
81 546
248 568
762 363
798 144
394 218
52 79
53 749
521 545
611 143
425 187
482 316
32 499
30 514
452 593
667 637
184 174
293 500
667 30
245 6
11 116
46 201
658 362
393 422
51 190
531 725
788 650
683 549
807 128
167 666
479 644
480 302
462 498
544 13
485 462
379 71
492 785
290 748
57 276
739 122
596 465
597 461
688 812
708 29
85 281
565 692
405 809
369 513
703 794
615 51
463 262
708 587
749 147
15 260
696 406
800 15
674 127
196 18
153 176
626 305
368 636
290 701
188 750
725 528
355 285
321 298
378 102
91 413
200 633
2 614
369 102
494 688
173 196
661 731
412 54
78 386
40 687
568 329
521 575
437 691
49 79
363 465
456 642
238 446
407 354
335 127
746 501
417 803
567 48
718 713
664 548
114 532
336 652
320 758
11 721
530 601
70 316
328 299
52 622
649 445
759 270
284 539
280 813
125 143
551 2
126 336
480 469
9 276
83 381
234 76
501 6
205 818
425 754
338 341
329 695
746 35
45 449
91 660
543 59
48 604
378 104
32 683
253 450
625 556
76 10
616 484
344 370
573 298
112 584
276 555
741 692
244 730
323 189
505 158
151 453
102 445
468 319
288 685
182 485
328 596
330 312
152 674
453 145
580 149
585 659
326 499
645 357
613 299
103 178
590 408
471 544
245 114
172 643
747 359
456 695
273 295
598 127
169 342
29 513
232 403
730 292
271 580
420 788
352 1
7 533
468 437
325 492
552 32
716 409
205 518
395 24
98 13
117 287
686 480
709 118
436 121
217 425
581 118
517 233
131 121
708 179
603 71
411 623
268 390
35 405
30 2
636 377
446 760
49 196
488 505
418 19
165 80
293 763
504 612
157 374
69 500
547 617
179 76
302 684
412 708
347 479
367 528
207 410
346 340
580 605
517 46
818 342
88 733
676 435
202 138
59 403
3 510
77 603
156 731
585 50
739 175
485 743
728 518
310 553
795 651
195 164
449 331
241 105
594 482
655 220
770 95
587 698
413 631
1 742
20 40
738 111
38 129
139 231
784 779
200 23
742 708
130 584
184 667
350 183
583 57
166 800
559 476
799 461
783 202
553 280
599 710
406 803
711 492
676 239
589 325
766 696
556 146
703 717
651 565
377 546
319 643
605 48
654 128
128 481
534 116
614 669
742 491
248 486
484 4
394 364
501 791
494 397
278 459
206 20
781 205
641 568
384 697
352 590
315 249
501 620
179 163
797 806
724 250
89 159
472 785
664 613
366 676
371 738
124 506
181 434
757 633
544 559
619 616
111 325
764 375
322 414
371 98
454 574
789 735
631 410
336 340
154 621
489 378
492 276
754 524
777 629
463 224
232 148
362 539
370 629
574 498
708 285
139 10
729 363
418 392
165 807
497 129
23 258
247 800
299 326
345 642
234 736
56 128
457 249
423 291
480 763
574 114
16 637
237 517
203 701
19 536
682 312
573 396
260 409
261 277
83 128
522 491
683 306
713 428
658 204
185 11
463 547
384 683
159 351
640 646
76 363
813 756
120 234
191 577
715 75
454 326
738 341
756 628
371 526
364 138
591 495
105 148
291 191
22 654
131 543
427 187
356 440
411 456
340 466
471 231
192 217
428 218
765 266
469 360
806 771
310 210
348 257
370 433
388 258
230 591
670 760
450 465
809 495
32 440
244 607
350 494
431 486
89 251
570 49
493 276
60 460
296 581
815 785
727 574
316 655
199 460
56 806
769 816
562 541
373 159
48 117
598 616
76 547
433 482
150 217
78 618
136 354
361 328
572 560
15 710
680 180
534 809
205 711
83 813
355 48
585 550
253 262
553 589
417 283
700 465
631 156
614 252
65 123
318 450
138 275
249 57
672 807
3 16
273 473
221 632
385 605
410 386
318 429
65 132
755 282
403 433
794 745
500 29
412 750
345 194
418 338
295 137
297 314
596 314
727 81
660 65
95 620
759 533
582 337
90 563
489 633
91 221
254 699
457 13
97 579
56 711
261 43
769 279
310 370
493 637
370 681
466 88
795 584
226 24
623 241
799 735
581 808
379 384
205 761
14 120
577 558
743 434
164 629
305 163
803 188
396 779
57 695
319 552
88 327
202 499
478 75
334 716
564 476
137 30
364 58
349 37
568 395
493 43
3 271
403 626
686 16
512 312
14 344
787 37
620 54
710 773
70 590
605 390
760 121
438 88
793 516
386 114
683 744
172 396
381 673
763 19
449 356
429 379
753 620
572 160
684 503
44 521
814 281
573 801
109 451
39 408
475 19
220 121
57 764
682 516
511 242
694 527
473 185
128 423
801 602
167 126
777 465
299 78
299 533
818 575
582 442
234 681
777 724
202 529
563 369
766 383
658 51
696 334
150 546
664 653
771 678
757 486
587 657
364 782
71 666
593 256
63 538
463 161
691 655
692 124
143 538
582 445
290 670
113 372
774 798
42 495
28 672
782 419
806 485
112 44
46 27
657 431
815 84
486 746
654 519
107 227
291 63
111 93
149 522
815 398
194 686
692 123
114 448
400 741
646 518
558 793
613 629
270 794
380 161
519 413
443 604
632 522
778 418
247 435
717 575
786 66
812 645
524 749
209 472
526 480
263 436
30 734
450 483
436 145
130 305
757 755
25 80
621 200
448 303
636 637
235 387
401 596
639 751
807 196
399 499
338 319
764 167
159 705
291 207
365 503
183 272
573 680
657 295
175 10
786 413
533 607
329 350
365 61
220 283
26 294
409 470
124 383
14 202
554 784
759 599
617 727
687 28
798 444
67 690
122 510
359 511
732 635
400 14
609 427
590 247
538 300
281 728
274 474
309 198
17 637
270 345
77 294
791 163
478 17
117 170
262 120
305 589
503 614
790 776
248 625
263 358
214 496
568 292
362 559
805 596
497 761
532 292
794 487
615 694
10 671
377 649
673 436
87 542
473 299
610 18
541 373
620 308
247 643
13 455
568 461
743 130
571 104
611 17
612 481
560 199
639 412
585 276
180 536
179 772
720 509
511 495
80 161
407 462
779 737
156 206
585 82
508 721
414 217
369 370
316 49
434 331
413 31
107 92
571 589
311 334
316 307
369 662
47 590
727 534
527 143
603 118
1 408
700 30
792 295
784 604
127 312
604 771
664 759
426 355
809 83
636 530
412 127
270 528
452 403
444 245
543 214
627 69
514 399
239 367
96 215
665 695
9 474
601 561
530 527
752 643
434 782
474 348
643 94
494 332
4 183
280 450
51 116
418 762
723 120
37 247
538 660
745 72
324 136
363 512
240 341
496 295
496 372
367 676
333 393
61 260
621 566
225 290
92 702
716 155
518 92
812 313
813 69
484 333
124 692
488 477
659 342
273 759
12 314
454 332
476 140
289 349
708 60
286 405
621 163
733 468
293 818
809 508
209 566
228 278
478 244
105 146
642 625
99 588
153 497
600 81
618 336
307 539
252 739
660 29
720 699
595 342
207 100
161 808
395 806
818 633
474 155
37 485
221 72
738 338
667 495
362 46
554 282
778 137
246 318
13 631
414 352
613 786
437 124
420 760
204 691
225 367
154 488
289 650
785 454
113 164
204 424
404 173
761 75
141 762
504 529
630 649
281 60
248 225
447 515
156 599
471 452
36 170
76 65
684 59
221 593
115 388
401 695
175 170
530 282
513 498
453 271
772 483
185 565
44 663
81 411
264 218
396 142
29 454
639 651
766 1
395 697
244 641
410 581
620 241
252 443
215 801
509 366
1 509
129 606
496 583
575 732
137 672
730 737
34 725
695 317
717 293
20 416
538 744
461 231
294 565
319 724
657 525
343 135
274 87
541 161
651 776
604 419
549 211
807 720
665 33
508 517
252 639
475 443
664 476
371 378
595 785
410 767
527 427
298 565
625 332
80 526
629 199
117 621
743 67
358 39
565 149
396 704
586 711
591 618
460 357
616 211
426 449
159 147
495 424
454 762
328 101
632 51
581 331
430 658
142 807
735 428
202 344
439 21
243 195
461 8
688 409
817 304
266 54
360 421
530 500
508 568
269 758
381 337
402 460
443 792
45 580
562 187
690 324
50 90
749 732
662 701
594 671
465 777
462 72
428 629
490 420
791 733
44 531
8 244
523 320
389 569
564 807
60 312
297 154
117 313
521 51
359 332
507 335
396 359
271 255
771 446
740 460
740 537
725 171
507 316
624 50
553 679
249 408
525 655
409 642
237 327
76 190
57 479
563 363
657 357
54 24
438 717
807 1
260 452
9 535
598 307
550 438
456 497
239 787
792 32
725 377
374 258
502 375
358 456
469 630
383 623
314 415
647 307
63 56
216 609
13 425
755 444
128 343
93 646
98 134
116 662
335 633
375 572
178 814
73 23
40 787
29 815
432 498
358 645
346 213
353 173
462 50
542 247
320 82
600 772
507 458
198 386
623 423
787 598
136 91
373 664
212 282
484 519
160 437
549 677
238 57
114 123
779 631
201 811
678 760
15 51
394 190
430 22
535 743
4 800
610 89
6 644
652 441
144 675
810 58
18 132
311 777
38 195
582 571
408 715
324 651
351 169
117 54
597 193
559 638
12 792
640 582
570 651
239 519
129 540
315 223
408 427
705 427
302 278
395 720
216 542
89 459
695 255
401 380
30 492
148 565
537 197
573 340
426 396
157 270
29 364
340 745
362 404
514 98
554 477
130 270
791 536
758 30
210 736
228 135
340 274
603 526
713 194
453 455
259 690
242 39
149 489
425 16
603 703
503 806
553 487
696 245
58 719
405 789
479 370
65 474
323 116
417 676
587 643
106 798
598 351
696 467
259 813
22 795
244 84
299 28
581 504
466 186
563 728
250 741
582 503
187 252
478 813
173 683
506 667
487 426
288 271
614 451
317 140
357 634
710 493
286 446
782 547
414 537
436 644
626 11
807 617
522 261
282 667
502 315
252 361
659 27
453 312
434 44
754 167
294 535
247 749
697 317
570 565
517 106
4 742
791 497
334 659
389 44
209 747
740 341
290 246
292 131
148 136
539 351
409 732
388 589
251 90
585 283
658 524
401 796
110 350
755 560
521 739
367 488
234 474
22 736
295 514
361 591
140 813
731 15
610 692
331 535
578 813
99 124
706 396
375 609
747 466
13 511
255 810
38 772
24 553
606 480
244 131
690 622
486 575
395 131
291 575
772 812
476 46
277 752
634 205
318 231
157 645
177 79
397 801
662 653
792 17
188 28
172 787
540 623
308 296
39 648
551 673
427 231
564 428
377 190
88 263
368 66
773 184
756 608
480 177
139 552
256 117
88 438
658 638
647 601
662 94
663 499
354 806
481 406
559 656
506 406
680 788
382 395
223 600
406 541
604 257
507 59
77 419
264 166
184 334
307 210
432 566
164 470
551 298
75 245
59 159
337 751
127 297
625 746
627 135
718 441
540 352
545 120
478 726
652 31
14 45
180 210
337 371
601 657
377 223
433 714
124 10
436 577
201 476
241 290
168 222
684 287
405 645
119 730
11 696
289 545
233 646
324 414
145 111
292 167
420 508
439 48
151 522
471 147
673 142
338 165
530 401
140 568
566 804
36 791
807 522
443 162
68 339
610 530
77 36
314 502
62 157
393 554
581 25
413 482
128 708
272 473
662 330
39 104
558 669
761 535
162 742
802 668
285 168
397 492
106 567
585 312
589 352
139 162
692 404
31 80
253 177
346 469
512 536
261 39
49 383
659 364
520 6
336 135
566 586
307 774
537 339
349 309
367 586
704 657
742 308
192 11
673 393
514 504
20 219
350 332
813 588
673 652
138 170
50 56
629 218
646 551
763 200
160 224
498 252
634 642
782 616
551 628
738 380
494 677
207 436
412 744
695 736
239 775
771 774
224 105
294 716
426 765
784 710
196 391
325 671
471 330
80 258
226 353
29 797
89 559
771 81
663 754
595 735
687 333
88 583
810 664
673 42
730 752
640 349
144 466
145 559
517 137
423 79
10 48
13 709
510 234
241 374
612 347
79 403
336 761
747 269
269 321
358 413
275 29
409 185
709 37
111 548
684 328
61 677
707 741
653 812
513 428
658 130
790 399
445 354
467 611
768 392
645 553
439 766
373 192
174 19
797 666
66 212
33 123
309 291
549 303
604 229
703 441
485 34
624 739
13 256
463 7
397 22
715 682
424 55
10 83
613 420
584 52
468 517
306 806
128 295
223 515
360 647
122 472
603 481
217 606
397 248
382 782
592 195
497 683
149 477
526 641
302 79
514 335
471 155
421 8
176 223
582 6
621 654
258 705
141 783
628 704
554 751
21 591
119 97
572 632
513 446
751 177
552 537
664 243
166 423
5 400
559 643
10 45
803 744
409 690
53 388
609 390
809 241
41 799
372 292
563 629
106 392
469 180
296 384
207 434
650 339
230 681
11 704
319 795
569 609
714 385
475 415
467 316
765 125
784 685
271 213
319 502
459 470
206 140
161 64
396 809
399 527
77 417
295 494
595 220
299 517
618 199
566 144
217 140
291 693
606 572
572 756
166 247
684 478
9 229
251 515
583 457
811 424
578 341
634 182
267 416
507 88
45 199
307 300
218 657
632 309
120 84
337 189
506 558
751 52
454 476
700 599
331 220
222 669
408 516
782 117
16 57
623 549
55 295
405 719
232 311
563 365
155 316
620 647
801 119
252 687
476 66
591 262
719 765
6 567
60 106
502 289
733 102
78 286
686 164
689 192
671 271
497 698
273 632
387 761
293 384
683 437
557 404
410 530
653 502
527 187
529 53
131 769
615 292
632 205
187 383
611 123
187 22
5 574
190 492
394 554
604 349
344 763
697 467
808 245
554 460
649 80
153 27
634 43
301 702
72 560
255 746
757 175
353 57
631 650
282 119
749 234
304 40
725 246
295 581
405 632
558 750
118 33
46 552
160 321
269 225
677 228
382 634
790 461
439 523
479 622
535 404
67 104
710 372
434 486
141 498
203 175
350 786
683 684
468 374
281 522
165 663
72 567
641 375
613 60
420 113
477 96
302 448
393 484
430 174
638 755
255 191
403 392
416 577
188 657
500 54
743 218
46 126
302 307
177 253
59 676
483 400
248 54
358 15
513 404
140 398
567 260
272 811
183 741
332 686
480 409
741 17
101 487
301 688
505 391
794 471
226 581
255 106
764 197
746 456
10 326
288 730
734 334
461 112
813 219
636 15
798 778
123 164
322 524
587 725
114 746
588 737
292 372
139 747
194 393
46 561
416 115
807 274
298 814
476 499
229 707
53 56
309 133
643 56
386 51
460 475
746 102
305 372
34 170
430 451
56 131
533 383
366 416
216 406
657 293
92 550
529 408
381 291
22 352
297 807
100 810
84 439
70 646
458 364
115 133
631 500
408 35
228 57
486 598
359 732
359 107
180 388
525 601
530 91
202 248
590 506
483 90
643 549
47 446
16 364
90 344
131 129
220 49
708 206
297 808
317 451
376 314
139 630
799 81
235 1
91 260
365 307
387 356
7 2
643 223
367 32
332 70
777 362
801 201
192 20
769 416
182 298
312 437
511 394
702 155
79 667
262 402
352 191
284 683
411 341
30 67
322 648
235 546
16 808
220 629
789 207
44 222
58 418
194 751
52 302
200 36
536 115
96 245
176 744
359 775
801 388
198 340
698 613
187 93
744 730
589 303
93 467
111 52
498 27
19 603
509 78
240 371
23 548
63 6
466 310
363 727
37 269
149 126
393 127
731 489
514 283
286 90
788 42
174 804
433 478
107 342
625 322
435 751
517 143
366 303
9 627
435 796
55 138
55 522
42 176
354 693
120 154
7 151
583 617
88 323
63 458
129 74
227 453
196 796
665 157
17 286
681 168
744 712
46 431
234 55
207 632
93 293
170 485
707 195
651 638
638 148
31 78
16 797
572 309
370 83
619 313
696 671
324 544
553 154
510 378
332 590
473 578
317 543
378 98
251 464
217 288
535 129
630 747
333 116
12 194
714 811
228 282
189 19
811 476
617 74
814 620
601 411
732 667
786 146
345 66
552 358
588 727
610 123
242 628
125 646
388 458
526 703
770 208
469 161
380 151
611 456
558 705
191 217
726 779
195 282
650 530
159 288
645 293
368 817
3 377
448 19
412 758
761 277
63 542
111 391
107 135
537 479
573 126
629 700
501 328
247 417
13 423
808 49
354 561
123 315
76 633
129 689
315 48
724 295
796 673
619 233
413 579
197 353
91 28
610 593
367 268
730 47
361 719
171 484
228 147
245 795
301 142
51 369
235 764
677 493
126 125
700 578
353 711
797 622
262 231
94 246
284 249
405 421
328 462
570 654
773 336
763 133
800 135
802 288
508 751
614 514
54 232
591 307
428 309
640 504
586 267
71 321
578 458
301 135
84 745
529 89
289 10
173 662
735 160
573 571
59 608
498 128
543 809
656 297
812 457
380 759
626 763
127 538
194 639
251 241
723 203
8 146
47 83
323 570
287 746
73 7
458 613
276 25
66 126
232 181
531 549
767 140
490 184
273 131
94 400
629 368
404 25
688 525
746 572
636 179
69 734
72 216
327 719
660 675
495 190
441 627
614 639
601 141
156 591
673 339
697 239
311 550
239 197
813 246
299 455
669 732
726 791
278 86
605 734
168 245
671 377
267 472
376 701
640 195
326 112
754 170
187 730
302 706
261 650
645 784
155 309
319 750
269 261
18 442
74 687
741 390
96 197
477 109
646 397
374 42
286 230
549 233
721 711
757 86
336 798
102 765
182 776
275 183
281 92
544 161
315 176
768 602
362 81
435 368
537 275
269 572
23 73
431 425
718 642
2 817
350 614
389 42
745 289
526 222
194 351
288 280
235 188
698 233
334 234
5 661
545 445
193 717
765 175
169 707
16 71
625 178
471 595
419 2
811 414
333 3
226 223
412 99
287 598
141 551
36 281
554 436
207 686
222 277
816 122
