853 2635
69 724 322
669 702 990
659 840 747
279 238 258
661 401 321
310 471 670
182 271 893
613 795 300
178 291 770
59 153 97
490 805 794
550 496 193
686 340 231
571 609 133
397 301 191
188 677 333
510 509 961
142 261 955
705 248 966
112 487 90
307 95 785
119 460 209
12 356 517
312 557 171
72 405 805
641 78 619
613 259 280
601 768 516
503 44 473
472 96 335
568 136 828
296 243 800
316 159 782
618 202 220
346 590 842
86 557 157
435 853 992
795 106 547
173 479 359
193 676 153
481 267 849
777 504 546
71 407 246
401 274 746
850 449 190
630 681 30
26 128 150
730 768 337
540 274 941
253 605 470
653 504 229
345 798 646
21 489 201
695 551 722
454 507 882
739 62 697
682 637 491
789 656 61
270 804 949
223 287 447
576 512 298
637 436 680
573 338 491
456 4 726
469 23 691
469 758 419
414 144 523
282 715 122
168 20 571
226 755 531
207 432 114
567 369 28
350 479 559
712 21 124
686 84 263
681 483 760
270 428 995
105 295 83
279 832 46
653 657 531
15 623 412
745 78 720
119 577 657
37 210 844
331 286 579
108 603 300
676 476 145
453 291 167
604 756 444
19 240 201
303 209 152
234 439 890
848 502 452
701 374 190
484 123 723
728 17 859
307 452 986
43 458 875
117 733 178
21 414 46
554 64 582
78 814 211
786 198 196
280 649 536
603 626 217
396 78 11
401 280 386
676 457 779
531 545 414
169 646 212
474 213 537
363 572 413
289 762 403
21 814 87
530 709 908
753 17 288
626 340 745
100 60 603
791 240 886
139 286 830
218 673 937
49 328 390
162 255 841
555 480 104
614 234 423
285 553 698
820 9 70
319 403 957
226 65 691
529 433 258
463 167 339
181 765 424
635 847 685
657 173 138
291 62 344
801 102 393
344 510 623
348 697 989
400 610 590
744 225 501
235 412 824
87 252 105
349 739 543
545 822 979
739 161 799
173 688 453
603 116 542
786 298 202
801 25 86
604 362 443
472 711 371
304 389 848
712 57 704
555 675 180
391 343 59
542 714 375
745 471 788
359 618 22
333 485 434
157 304 14
159 104 475
293 160 487
41 74 7
65 541 419
314 441 443
531 33 896
306 232 134
343 523 612
701 28 298
773 850 651
429 255 130
140 569 239
786 288 908
626 369 561
69 807 953
768 137 841
809 656 770
326 828 729
553 26 757
69 643 725
451 794 812
254 128 638
610 1 826
237 535 69
156 382 594
272 538 894
150 556 865
533 542 970
37 503 630
557 474 612
542 775 451
264 277 737
439 226 566
42 553 753
72 310 920
291 119 977
11 795 355
129 397 521
364 522 408
598 23 344
198 445 550
803 779 572
219 481 340
554 726 798
607 621 497
745 4 349
44 490 677
162 488 891
13 594 851
851 104 544
252 178 944
709 698 457
587 372 686
362 837 5
446 117 748
592 484 378
817 542 764
199 649 206
546 288 582
329 391 202
229 440 394
181 667 590
680 556 631
692 668 550
781 646 682
505 130 809
205 114 105
635 703 244
469 706 203
44 786 304
397 20 872
370 463 73
404 664 76
86 281 300
687 92 16
133 516 845
542 181 226
203 780 8
248 363 758
638 427 990
75 259 571
448 138 696
289 100 222
438 491 315
190 331 35
305 209 704
692 254 469
310 423 575
293 623 655
369 194 151
192 42 743
322 799 863
588 715 866
256 853 706
651 11 633
776 229 191
226 429 639
114 214 9
256 558 640
509 222 745
360 515 376
625 746 753
212 190 992
136 367 782
641 499 820
749 690 950
160 730 579
728 624 679
383 548 552
132 179 946
341 576 740
222 98 657
276 787 423
315 321 189
375 208 727
706 265 386
394 677 288
285 243 34
382 77 148
273 192 379
784 84 947
156 191 473
108 138 395
398 225 257
587 538 56
77 413 638
38 792 72
625 792 630
168 353 754
64 349 627
614 703 502
706 114 919
80 836 56
40 550 74
135 311 903
441 319 775
621 725 922
510 826 70
128 226 834
269 511 146
811 217 317
673 116 352
613 482 342
170 35 720
291 359 807
553 496 875
446 661 72
488 145 553
322 127 314
312 115 42
798 477 104
278 263 177
549 191 599
535 387 426
369 507 988
525 39 570
97 516 668
191 794 797
105 193 425
472 463 65
556 496 831
515 525 508
798 768 338
142 63 195
105 807 869
493 695 42
645 615 801
161 517 842
418 574 777
427 498 638
678 184 355
142 606 524
719 213 577
409 729 294
21 12 387
470 542 605
247 120 296
508 23 362
481 323 51
588 298 677
748 66 785
245 416 773
164 173 400
232 682 614
10 662 274
187 234 921
618 425 457
682 133 14
219 29 218
609 90 500
143 232 295
556 680 170
551 48 921
659 413 663
189 427 217
182 480 801
698 268 644
599 414 567
551 479 662
679 89 873
29 852 412
500 777 359
372 32 218
609 604 689
477 828 263
210 2 23
333 92 733
781 625 184
614 6 181
246 356 714
825 394 255
595 171 300
222 303 463
56 812 671
24 472 186
539 78 292
369 434 777
66 131 4
96 255 105
22 106 112
487 178 355
574 607 904
376 404 374
793 831 922
548 611 157
115 167 308
112 734 538
273 65 47
176 420 713
378 344 202
354 606 441
444 89 415
780 411 769
798 657 97
572 498 642
748 10 408
165 696 944
805 384 484
419 267 336
145 254 484
759 545 124
483 326 536
569 286 217
489 683 541
838 183 468
168 697 554
825 605 414
243 819 352
542 577 22
613 659 867
315 665 272
609 34 123
606 39 289
160 49 762
217 345 105
424 610 367
357 272 188
610 319 257
668 835 286
628 92 15
667 149 340
445 305 283
762 171 477
781 447 302
255 190 738
779 343 356
254 837 598
410 714 316
75 116 514
62 392 228
357 847 373
74 226 611
630 289 159
1 693 775
237 362 976
670 763 883
413 409 679
79 416 110
153 674 34
359 153 350
710 89 457
217 390 518
660 412 22
629 683 606
515 740 890
518 701 378
359 612 453
69 46 972
421 444 545
804 372 70
342 783 163
303 377 773
451 17 855
85 699 525
287 37 728
30 809 819
700 346 48
20 696 131
516 619 764
148 294 301
3 2 406
642 307 945
568 657 985
785 27 236
490 845 812
621 416 241
90 119 424
57 781 32
767 280 363
611 669 871
145 14 782
684 212 57
526 309 996
47 674 847
686 503 99
531 683 775
730 111 692
649 440 601
847 315 795
786 145 374
707 403 263
332 699 27
274 192 246
665 551 577
165 280 471
635 437 293
444 608 197
105 432 714
552 278 179
655 697 505
318 345 946
457 251 573
836 309 433
429 652 90
127 404 726
764 831 822
417 829 572
485 170 860
626 383 311
211 434 574
213 391 35
385 62 935
753 50 649
595 71 573
546 359 213
615 178 581
653 493 385
524 732 737
728 846 302
321 714 361
266 848 146
297 26 134
447 164 177
299 504 514
590 815 392
20 82 697
367 103 898
482 538 649
546 513 496
367 428 375
851 76 510
491 730 721
841 663 300
85 498 813
133 738 835
320 33 36
288 557 603
548 215 244
821 291 537
604 710 192
633 794 600
230 6 881
58 321 923
557 816 858
32 384 256
165 162 929
548 323 713
242 787 26
535 770 155
380 397 928
684 805 913
757 137 853
521 130 365
141 639 907
357 38 667
273 665 227
821 19 842
580 70 1
703 815 556
48 662 462
356 213 686
577 730 539
18 678 677
95 475 839
711 601 514
298 835 417
349 734 444
221 695 333
195 701 125
159 596 420
308 711 44
249 784 59
276 345 147
61 452 716
45 500 567
513 219 804
236 702 451
644 758 120
525 762 308
816 394 511
627 804 928
63 56 27
515 401 922
829 96 36
764 585 882
155 51 129
843 580 435
575 804 576
787 32 939
459 329 365
712 250 535
513 347 410
280 154 666
164 714 68
718 628 99
466 344 685
359 603 537
503 444 214
619 389 358
513 489 155
449 262 25
839 354 196
310 345 717
542 128 565
167 805 726
242 168 429
445 649 113
167 388 609
462 497 268
607 333 923
214 11 13
279 597 442
457 204 613
472 257 649
685 185 965
57 107 570
255 345 415
129 478 854
478 262 16
704 348 368
97 499 991
104 631 953
104 775 82
551 822 597
595 795 911
687 755 863
684 764 505
793 415 838
84 98 602
300 460 254
565 669 838
101 658 621
654 200 670
324 307 835
577 752 550
850 154 617
261 143 849
429 49 820
827 826 610
318 130 424
86 575 87
70 599 950
498 748 52
83 124 715
414 581 311
846 841 633
785 598 440
300 629 900
515 292 613
413 215 89
265 839 911
111 93 86
297 671 147
78 782 630
1 751 87
739 558 487
726 231 875
719 641 971
452 592 174
533 662 884
281 433 625
249 70 299
29 414 36
143 39 419
25 566 471
117 193 895
210 280 282
384 105 690
124 306 189
542 41 469
89 835 140
74 163 597
294 755 760
251 345 144
573 83 287
695 136 248
580 307 992
398 91 688
392 702 521
13 360 351
319 35 372
250 590 639
552 45 168
130 191 369
110 545 207
68 477 243
537 406 637
179 765 844
351 624 792
108 656 842
190 124 875
195 265 860
598 181 828
655 683 627
421 438 218
620 154 787
612 598 108
61 677 318
639 684 964
336 692 691
639 35 296
258 104 316
432 452 124
669 260 735
505 682 579
229 631 27
475 449 54
819 364 31
361 558 342
193 83 751
469 479 977
337 212 44
826 197 690
240 393 170
745 853 135
496 653 66
200 830 768
604 681 640
72 2 195
712 242 928
797 473 589
175 341 96
356 644 233
762 94 906
832 402 621
27 392 759
219 613 58
850 473 239
71 727 794
584 120 424
645 365 543
368 327 761
374 697 886
468 29 966
183 144 888
461 33 806
92 426 268
145 739 471
141 81 76
74 630 962
549 272 548
583 162 626
287 847 401
10 635 897
418 337 606
600 457 681
201 556 273
61 653 876
575 155 239
726 85 733
544 553 584
48 598 507
675 751 528
155 634 289
849 250 618
81 88 351
426 853 982
747 13 568
435 423 155
836 486 733
590 480 624
725 253 294
296 833 774
494 400 348
601 792 954
656 100 260
503 331 857
152 841 810
785 302 62
698 830 368
749 238 334
116 311 414
85 829 335
245 345 742
349 428 403
753 623 559
440 340 826
788 97 171
76 526 76
722 698 663
177 65 786
696 66 56
844 394 306
820 225 506
693 585 417
825 387 572
658 509 792
523 804 941
107 322 946
36 643 553
779 702 203
5 233 559
16 86 196
746 528 410
442 161 392
527 622 256
32 123 947
576 456 208
559 710 6
642 730 95
552 536 885
246 689 468
65 362 993
500 156 490
471 610 5
289 813 725
540 221 453
521 661 109
682 17 308
537 728 97
608 282 355
259 12 126
635 285 716
287 743 418
62 86 204
721 765 487
354 791 575
146 804 103
583 470 194
537 683 120
846 320 883
798 514 111
537 844 15
431 619 870
76 844 410
741 820 590
362 738 258
394 816 625
816 133 924
107 369 649
317 590 622
413 755 742
757 152 426
405 806 679
584 68 247
145 494 806
500 594 731
271 609 546
739 80 307
426 782 573
548 702 55
816 93 32
673 743 3
660 502 794
345 646 881
52 759 705
713 712 472
426 585 346
290 620 269
605 840 485
499 814 358
109 287 96
505 9 237
201 65 127
538 164 786
73 144 154
111 786 939
786 573 886
420 523 868
202 778 892
278 567 777
100 212 755
175 744 403
264 575 211
20 329 936
788 165 498
366 180 315
191 815 188
783 728 544
811 438 844
324 827 360
806 14 935
74 281 909
52 356 311
90 583 694
51 132 772
234 745 895
96 598 562
146 43 978
417 85 512
647 663 125
351 100 179
98 355 26
255 349 741
420 33 231
775 793 392
310 571 41
101 548 130
515 651 190
842 499 122
635 787 748
539 631 574
595 286 687
708 166 202
786 484 784
459 452 316
130 595 306
765 43 560
60 834 400
222 55 267
467 36 89
344 8 620
476 682 839
564 562 576
504 804 47
251 708 349
823 344 287
145 638 50
463 713 111
418 201 797
734 570 999
308 203 779
95 685 481
847 34 534
280 107 862
196 260 885
372 632 19
550 708 738
681 403 809
577 849 106
417 677 246
420 293 671
294 258 861
163 612 405
767 249 118
150 412 151
307 538 554
285 531 860
740 637 598
168 689 748
829 451 442
689 826 22
451 831 252
69 686 666
611 542 206
31 564 211
78 50 933
417 839 397
346 1 1
477 556 28
398 450 618
143 17 927
766 726 601
555 603 368
724 777 868
260 244 836
328 34 789
305 163 258
354 91 564
746 667 88
361 741 300
193 513 78
565 98 424
89 505 602
584 43 532
649 498 520
259 681 805
740 765 936
368 185 910
452 295 718
262 408 88
607 736 734
757 306 735
689 268 239
303 146 264
817 446 22
314 754 563
189 642 898
741 104 55
795 98 171
768 789 634
323 129 932
536 517 126
516 9 457
501 788 17
425 483 359
178 661 693
606 704 366
490 697 608
203 86 567
757 198 390
256 779 686
583 291 262
92 766 550
850 620 770
838 746 965
436 817 245
161 377 428
220 640 958
442 61 420
722 328 807
207 148 225
124 405 501
602 587 642
458 838 947
470 492 406
676 539 453
689 349 891
457 158 15
848 88 837
213 130 914
505 364 746
131 95 319
624 231 855
269 33 19
827 549 531
533 293 711
587 210 702
287 695 568
445 274 617
851 672 396
798 853 517
710 621 553
438 324 763
306 216 567
637 251 154
465 207 245
755 83 147
643 512 919
97 343 869
741 545 330
760 270 96
256 102 809
311 797 750
224 138 249
369 15 974
385 236 237
831 522 747
414 307 291
801 798 703
612 30 589
143 626 196
606 402 310
576 199 814
664 303 416
674 258 312
57 24 795
613 77 100
112 807 362
428 539 235
695 48 692
784 209 255
186 820 916
88 336 101
262 26 871
416 147 824
666 541 719
329 654 276
259 261 408
531 548 557
588 181 455
726 436 86
500 596 484
311 483 39
643 580 912
619 728 355
381 276 964
490 136 651
283 228 193
842 432 382
720 608 965
597 720 703
250 706 820
33 272 258
193 103 365
809 40 794
286 233 39
104 345 266
122 405 469
359 814 350
202 834 656
261 738 404
63 678 755
127 183 533
341 172 809
789 369 174
400 222 1
182 675 499
451 788 525
795 706 164
168 423 409
558 708 803
847 33 259
471 823 315
354 761 625
86 636 160
317 427 239
607 196 673
119 425 930
252 361 988
38 566 735
424 416 496
575 419 472
471 353 930
463 134 706
203 144 7
841 469 657
723 705 883
408 300 410
238 56 195
813 754 708
322 674 496
405 38 818
320 52 473
422 723 678
693 594 913
557 432 157
16 239 462
338 234 622
254 376 899
636 522 496
575 21 787
507 371 616
507 188 668
205 212 369
271 381 709
60 673 517
303 756 144
401 327 396
384 660 807
601 451 985
185 721 716
331 6 106
366 52 126
748 742 539
719 133 385
834 428 322
432 26 297
209 275 837
804 643 650
135 486 411
364 61 870
261 234 897
272 232 219
557 807 937
563 332 480
142 763 937
621 409 192
675 67 805
68 232 930
560 683 524
393 487 521
380 649 908
737 259 593
675 400 897
625 718 265
478 47 158
572 115 800
631 61 734
836 43 8
347 186 746
348 312 631
629 595 38
384 548 124
82 563 578
295 353 871
293 766 304
692 498 115
295 554 982
276 467 546
156 263 439
208 752 601
438 230 926
589 13 939
387 361 639
519 695 534
534 55 244
86 123 437
439 79 392
495 315 449
525 326 345
58 529 750
106 551 118
758 240 932
546 27 479
248 5 6
844 440 413
757 67 754
757 338 867
840 473 518
312 621 352
144 606 313
52 10 331
275 236 327
472 681 636
597 586 815
710 251 273
433 840 265
760 425 58
140 155 911
94 341 968
393 363 964
449 844 542
847 105 831
396 247 33
509 361 885
229 60 692
833 688 306
294 553 557
412 737 321
281 120 141
161 506 766
40 427 934
259 101 297
307 523 584
368 591 245
614 550 83
467 603 788
113 405 680
16 439 718
587 237 576
433 377 832
608 87 753
205 622 700
849 363 52
801 778 59
646 754 213
362 278 150
216 526 689
849 618 345
464 697 655
205 307 959
140 186 732
513 233 230
397 29 916
789 697 332
606 443 832
102 761 532
795 123 355
14 95 316
437 175 521
631 665 594
568 767 902
756 641 267
248 828 459
94 318 102
770 533 579
248 651 314
208 477 707
139 771 364
616 411 747
463 511 387
486 807 770
424 446 224
50 787 392
143 832 470
434 401 473
513 755 606
301 11 633
25 253 741
184 790 51
438 193 279
136 265 499
286 242 518
643 441 601
137 289 573
185 190 415
384 236 185
483 117 914
691 89 755
694 275 497
28 790 55
95 447 716
664 538 18
741 663 213
322 204 448
327 622 765
70 85 963
230 554 959
678 295 6
656 219 379
470 302 824
97 370 650
65 449 864
802 175 46
102 391 89
287 791 701
798 790 394
430 461 559
253 116 34
134 183 597
825 8 564
117 803 22
818 151 932
140 512 458
62 552 562
138 393 570
403 255 326
184 85 566
832 345 532
55 578 342
350 18 153
122 288 572
679 815 673
294 198 316
217 692 456
774 334 646
175 844 843
104 54 468
236 281 388
752 613 618
656 668 135
407 823 418
615 231 471
547 309 703
601 462 735
769 497 851
495 316 575
77 423 899
825 435 705
680 750 144
798 640 330
527 226 241
207 599 930
107 305 607
773 461 333
186 369 381
735 830 51
544 737 67
482 237 33
120 450 62
774 592 31
502 781 144
143 99 524
802 414 719
750 388 86
297 119 457
801 379 599
800 529 421
769 52 729
469 381 757
793 170 183
545 503 108
153 215 207
376 128 917
154 251 996
293 462 460
29 12 32
212 45 847
94 216 584
190 698 61
649 398 365
706 101 220
817 851 938
160 201 772
353 491 772
457 221 145
699 245 360
603 36 806
335 664 861
254 541 869
696 701 741
715 453 179
514 50 222
716 502 917
285 791 132
164 317 418
241 840 939
495 657 788
808 394 120
13 516 562
331 243 452
261 342 548
316 681 576
849 456 317
547 209 81
286 571 653
287 634 420
782 149 855
305 174 364
621 432 776
442 390 290
481 464 842
258 715 99
226 412 398
302 706 946
57 226 699
80 216 584
31 695 32
731 391 949
8 68 540
131 440 220
312 773 293
82 486 673
359 33 214
111 64 330
19 170 534
667 759 788
110 99 586
299 769 527
686 774 192
703 689 182
150 308 851
21 799 703
317 104 656
141 73 444
729 605 93
305 387 473
108 389 420
47 652 438
806 109 482
148 387 694
708 730 658
238 11 133
206 729 382
34 375 451
374 235 335
47 196 280
436 647 225
800 310 411
257 464 600
500 615 350
257 315 76
98 693 870
313 344 802
842 537 581
186 475 350
156 685 522
702 250 992
829 215 116
641 525 884
728 575 694
143 690 419
381 372 26
551 727 512
333 800 84
368 381 592
622 171 515
652 361 202
83 849 766
45 643 211
651 693 601
825 580 452
55 409 164
122 120 513
92 764 380
229 615 270
220 360 62
148 40 927
768 338 923
689 707 903
800 760 558
263 840 389
586 55 447
264 289 294
405 201 815
124 209 366
11 641 498
266 481 458
527 350 334
696 694 802
391 242 866
53 203 372
433 472 298
200 356 695
564 443 990
185 359 550
296 627 606
605 800 450
505 133 305
400 677 990
586 385 533
511 82 125
832 514 774
226 833 115
363 771 512
595 805 147
368 419 509
758 513 148
715 380 940
513 609 140
822 108 310
245 499 476
768 484 525
136 35 962
713 610 151
450 557 540
719 713 111
655 16 709
281 758 459
286 160 679
448 748 935
431 845 156
794 101 909
406 732 841
746 46 111
138 841 221
503 830 294
503 11 871
811 470 631
768 809 327
443 332 944
173 327 46
640 685 882
728 608 699
36 706 78
342 109 776
712 25 465
114 531 52
664 749 641
725 614 546
706 570 515
218 419 145
385 10 511
323 52 970
109 191 629
544 293 970
479 671 937
455 735 245
89 325 28
348 193 722
234 522 430
45 726 185
836 709 966
534 559 621
22 557 373
641 108 864
602 481 667
394 566 171
284 715 484
328 100 589
141 695 559
6 808 615
844 620 829
4 302 124
344 447 170
493 212 264
839 369 540
385 92 597
294 330 565
48 315 143
547 846 631
598 120 973
248 606 485
295 132 780
132 212 317
788 329 427
612 517 220
251 307 625
4 58 31
221 651 802
700 567 473
684 330 460
230 196 746
74 501 78
265 210 311
330 530 390
714 247 902
349 298 390
554 19 332
618 288 931
437 764 87
627 481 283
759 341 428
259 654 599
11 391 426
31 162 275
283 846 888
797 92 180
489 70 415
480 795 139
230 213 596
148 756 542
716 430 665
649 244 253
91 454 46
165 16 636
315 816 278
54 737 111
623 160 695
753 182 376
80 272 140
35 514 152
415 469 399
193 241 437
780 484 918
772 642 879
536 724 866
810 696 280
85 164 620
216 12 311
275 354 657
344 218 947
104 834 432
40 851 813
310 373 702
303 202 606
770 231 822
198 521 455
369 771 422
434 158 663
775 233 251
733 150 156
468 262 563
741 834 291
561 556 37
344 745 551
175 359 330
86 88 115
223 719 972
691 371 420
192 270 256
813 725 803
270 690 850
278 543 246
474 249 297
11 443 895
89 817 448
510 613 167
827 834 686
821 279 724
279 820 346
571 380 346
337 542 449
598 229 317
129 748 839
193 377 821
789 569 954
223 238 719
645 745 369
130 741 971
832 331 472
159 726 998
531 175 383
446 254 965
828 524 502
574 693 716
138 584 987
72 820 155
504 690 158
350 199 201
679 105 404
119 463 575
550 89 375
592 641 91
445 838 91
570 350 99
247 146 124
492 151 979
361 409 46
678 172 790
803 567 539
474 523 185
577 362 386
32 130 615
297 179 410
604 676 91
447 436 522
334 450 322
576 120 155
365 531 809
461 714 68
712 747 142
406 753 726
465 650 801
318 847 938
400 161 629
23 433 344
467 788 712
825 660 407
650 816 355
731 670 226
18 357 856
112 726 852
150 6 657
389 704 489
528 394 753
68 99 613
192 826 848
763 302 517
212 64 833
770 102 32
764 545 921
122 121 82
261 579 73
381 784 527
388 227 562
305 291 288
148 846 373
731 846 812
396 124 647
57 425 561
64 761 169
95 770 1000
285 358 925
353 265 493
671 276 419
478 298 553
332 677 330
750 835 530
521 369 271
457 714 299
92 191 778
797 487 666
80 492 711
442 712 848
730 385 708
641 355 190
339 302 190
294 826 586
723 232 626
522 322 268
580 789 653
143 457 687
601 205 287
192 144 734
511 629 90
60 77 540
15 498 540
61 46 894
259 803 814
414 461 331
386 422 341
201 48 643
369 708 227
753 594 993
726 444 375
207 727 385
4 121 50
120 55 323
222 412 46
186 58 822
173 166 636
300 493 514
337 812 362
609 762 415
311 548 669
668 727 768
221 235 274
561 155 119
296 17 475
114 224 948
687 831 874
841 294 940
116 826 702
436 122 699
327 322 254
344 839 260
842 88 362
357 373 756
37 617 243
120 117 700
220 791 901
647 840 898
262 200 821
545 309 710
501 40 604
55 313 401
392 312 944
129 798 488
354 588 370
415 74 564
580 471 141
121 469 119
614 272 739
795 561 880
10 720 624
228 406 674
140 715 969
256 2 543
472 428 806
800 26 885
143 8 153
497 77 85
745 748 795
106 166 197
849 617 983
613 228 938
329 466 911
1 796 925
44 528 821
704 621 305
586 373 115
49 325 876
357 106 372
11 519 770
630 159 411
822 761 860
62 745 461
95 533 209
534 670 800
580 374 920
569 355 864
97 116 250
797 112 510
615 23 136
647 703 386
115 809 885
232 9 662
490 464 591
356 592 12
213 192 352
137 475 940
262 379 194
614 565 855
92 587 569
681 723 461
157 659 844
644 304 813
598 187 204
12 228 548
848 554 272
453 362 575
766 456 525
13 162 59
18 492 463
354 684 436
280 781 381
647 100 16
815 58 565
471 66 440
731 41 818
254 465 601
600 445 697
71 295 563
231 705 397
175 421 327
30 792 395
502 604 484
839 1 836
833 322 126
708 388 130
656 570 822
165 810 98
26 762 163
19 787 588
255 587 9
398 11 789
369 316 481
244 386 616
418 719 603
807 706 798
54 657 333
253 717 555
305 319 258
145 623 177
759 53 782
678 312 294
565 401 145
370 401 358
514 395 315
423 251 723
175 627 615
300 805 241
153 18 190
680 573 624
170 168 671
448 481 853
434 27 806
696 261 122
289 414 929
306 325 357
808 591 474
600 232 558
107 326 129
327 613 658
613 739 975
577 657 970
646 416 365
120 363 232
646 665 722
284 811 728
298 232 85
494 309 699
345 576 614
356 409 990
584 86 608
811 230 557
532 382 626
791 503 777
211 249 416
532 503 99
830 210 59
45 423 725
146 397 353
830 623 196
141 31 368
696 348 733
673 839 443
445 286 553
618 318 192
259 151 763
492 69 339
705 64 693
111 110 942
782 671 391
358 105 320
329 227 559
508 164 104
137 351 932
363 479 650
428 368 543
310 730 408
523 606 997
408 594 11
36 687 820
760 319 374
496 611 908
332 782 28
237 144 921
399 180 516
731 748 198
284 30 502
715 193 937
740 149 908
738 804 458
470 553 147
686 837 595
371 825 332
73 706 889
520 346 945
414 646 28
337 212 517
703 542 595
236 515 267
106 684 931
796 717 907
505 90 245
696 718 109
235 681 778
290 818 71
706 462 848
587 799 579
548 749 37
697 2 779
638 497 800
598 737 973
489 720 138
325 846 919
401 644 834
86 287 999
397 244 651
124 319 701
834 471 517
394 42 495
177 267 68
512 12 153
389 121 436
763 576 408
333 831 787
503 102 169
661 171 320
419 693 856
482 167 607
499 62 596
108 765 751
665 645 110
289 841 565
245 720 283
774 589 52
457 450 288
58 307 211
296 376 370
474 286 219
841 254 563
691 597 407
159 344 296
836 725 896
212 127 255
337 561 177
272 67 903
793 577 565
457 392 625
331 572 445
133 773 239
271 508 195
395 244 37
378 612 385
795 258 388
147 774 867
96 322 821
113 701 918
581 805 944
400 168 329
180 433 479
321 755 309
426 287 694
442 350 179
463 604 81
716 851 562
810 722 432
217 83 489
587 516 538
45 794 701
114 846 191
712 309 730
789 790 586
738 642 37
409 237 914
150 695 401
71 678 408
203 827 395
804 510 175
54 170 514
451 844 233
257 292 258
563 634 939
14 186 751
622 225 934
91 143 951
221 226 987
528 667 145
463 383 761
440 579 767
128 506 531
117 588 28
207 359 314
89 551 490
51 122 429
749 521 315
731 284 679
732 150 609
268 359 768
82 179 829
850 833 801
497 106 400
229 510 383
533 834 951
83 414 984
805 447 698
284 55 440
810 364 749
359 663 900
319 622 127
77 1 973
831 408 141
454 643 599
276 594 360
711 434 325
281 453 262
268 668 312
103 607 244
689 844 474
147 202 156
132 385 761
546 687 595
80 397 862
482 838 511
621 108 616
656 480 642
570 705 360
65 840 733
398 38 78
852 175 14
497 708 471
492 620 495
468 409 754
442 674 737
569 155 847
82 668 103
75 38 373
720 806 830
377 630 560
551 340 634
480 395 610
423 775 650
247 92 986
844 414 377
427 629 640
186 381 22
290 462 316
746 13 882
273 709 642
625 268 352
641 697 853
101 25 191
359 489 740
130 562 478
5 662 975
281 214 703
597 282 37
69 112 545
192 717 807
381 162 157
454 153 509
576 750 755
307 353 375
212 443 414
419 711 48
605 372 386
456 387 337
544 642 687
159 682 483
838 527 214
768 92 899
312 163 662
775 809 891
68 618 386
375 367 22
611 752 481
479 669 275
212 483 683
504 672 70
793 702 891
250 748 499
522 679 705
138 261 68
225 726 60
167 55 885
301 557 82
51 485 101
726 481 471
715 517 79
128 693 190
509 534 2
812 665 180
419 168 303
514 207 990
472 322 482
295 270 712
588 641 13
641 697 874
823 177 617
231 515 628
349 450 386
679 437 354
763 459 690
467 486 620
660 852 238
95 339 618
251 239 895
393 515 877
828 752 828
424 274 141
31 3 854
241 283 421
43 276 114
22 639 610
291 496 484
140 789 161
291 67 273
625 574 801
470 788 116
750 382 920
579 124 908
422 199 987
677 68 103
551 426 29
510 331 240
168 464 868
798 555 913
778 751 142
697 164 506
435 560 538
413 493 797
846 651 391
746 219 888
185 663 724
413 263 793
292 843 75
750 473 726
851 215 758
275 835 950
601 735 917
557 90 865
715 566 54
471 174 237
404 30 447
611 528 756
542 14 825
476 72 665
468 632 905
160 232 118
57 460 249
610 78 963
24 672 780
454 779 607
822 563 608
207 149 246
783 400 43
783 136 506
355 428 519
364 468 693
269 805 343
393 413 865
80 552 823
689 742 961
383 820 75
305 494 462
407 769 748
462 595 92
565 203 829
126 630 679
796 654 339
343 88 817
727 833 481
607 363 828
258 338 70
27 829 579
650 398 681
157 370 436
534 400 870
377 173 27
536 616 796
46 257 612
654 753 861
550 438 781
112 389 325
569 9 569
434 64 968
661 94 571
200 639 792
250 512 37
438 558 233
363 570 561
814 92 667
697 469 424
169 227 996
802 186 99
532 202 330
409 196 106
581 50 190
495 62 779
844 260 383
521 735 537
18 652 862
214 124 553
714 142 964
112 132 657
677 742 104
115 359 106
782 234 572
622 140 365
61 700 601
408 760 277
175 314 68
339 583 6
212 582 617
559 178 413
158 249 60
99 285 518
784 69 280
17 649 718
42 771 1000
595 710 474
347 659 531
311 281 647
352 157 109
761 461 622
308 60 326
649 223 795
272 346 616
458 813 218
510 38 662
346 521 973
275 754 601
490 30 805
821 424 301
582 626 566
686 726 965
232 811 933
94 58 706
453 647 83
745 780 693
270 849 75
506 392 970
82 828 500
198 350 505
515 342 343
331 277 707
266 357 767
137 179 918
745 411 423
24 116 316
402 227 239
654 353 630
369 787 118
166 473 522
443 774 305
812 364 898
49 415 199
390 506 150
319 59 483
446 698 162
29 839 788
159 399 708
687 11 47
627 8 273
385 221 242
668 580 153
358 332 736
721 380 208
64 88 55
195 391 160
546 570 279
275 587 687
582 568 668
455 266 546
630 221 812
627 780 3
16 579 540
304 92 609
520 408 228
657 358 251
115 792 102
673 264 590
471 704 868
23 426 889
568 728 418
17 89 819
273 243 455
387 562 85
541 407 857
814 801 942
452 728 525
81 796 205
526 309 710
212 159 941
36 337 497
766 736 512
812 472 117
176 21 616
216 78 534
609 301 729
22 114 587
480 595 707
156 21 370
370 616 966
482 102 915
560 604 986
531 210 533
211 58 907
592 852 340
712 329 271
533 166 652
539 792 652
684 835 177
417 467 714
126 114 331
25 637 301
309 231 408
726 228 480
649 157 713
352 414 316
580 280 435
277 766 663
684 752 525
461 618 141
750 34 600
219 116 258
669 671 579
344 659 275
355 15 482
658 208 256
199 614 213
493 439 36
316 495 671
500 630 198
598 210 685
383 150 876
633 551 124
578 311 913
137 812 27
376 102 851
687 490 833
121 64 338
852 239 39
447 33 233
274 653 868
200 384 212
109 452 469
113 180 783
569 693 318
47 558 392
46 145 11
681 783 715
541 528 438
494 736 858
524 19 839
103 150 100
410 206 20
832 165 756
631 536 745
287 141 764
447 20 377
664 215 296
85 247 510
441 166 908
658 382 292
59 662 365
575 53 103
346 338 184
458 832 130
621 703 51
163 647 86
610 27 517
634 235 620
380 719 862
611 768 81
556 52 314
757 244 134
38 76 850
421 259 759
702 183 40
24 16 574
492 106 132
15 171 903
135 619 495
564 282 282
603 394 599
812 611 114
840 370 528
559 259 884
345 184 18
106 185 426
73 602 77
837 69 600
376 486 434
151 469 747
522 318 90
477 852 970
380 522 304
413 607 331
53 755 694
324 408 55
54 548 478
415 16 418
477 10 783
280 718 239
434 337 85
108 344 977
798 590 519
810 225 773
676 485 58
393 64 211
694 453 705
566 774 662
613 588 601
208 599 134
238 200 128
541 474 20
393 43 512
158 404 809
146 330 313
100 144 599
383 817 168
833 419 25
303 298 411
762 34 367
842 185 629
53 184 606
586 430 416
693 23 96
786 548 868
210 844 1000
338 488 645
53 19 311
721 124 74
112 38 798
50 556 992
729 712 882
302 493 608
38 19 243
821 111 149
285 240 126
696 221 25
848 464 782
707 605 929
266 622 378
775 245 787
603 714 251
255 326 85
126 786 865
674 232 496
843 484 17
36 258 785
385 93 263
726 491 736
808 118 530
649 423 345
721 164 650
84 798 50
512 769 490
288 755 451
488 369 944
244 287 438
416 710 12
400 236 322
252 505 769
713 371 720
195 282 470
490 713 522
158 833 175
486 286 342
426 179 159
718 632 235
61 597 284
275 225 245
125 809 573
488 492 870
827 806 101
688 260 578
153 479 462
86 109 810
711 405 870
158 423 293
794 144 637
730 353 976
594 252 549
126 54 158
222 488 523
691 511 732
394 295 132
189 339 665
325 13 634
790 772 616
284 509 102
245 221 203
340 52 429
250 603 156
240 702 363
357 364 699
701 335 743
632 641 550
597 817 328
181 29 77
725 644 521
680 550 460
385 853 648
801 369 858
543 31 952
480 27 314
326 590 286
194 3 983
266 739 477
352 452 139
145 476 40
641 812 181
55 375 484
388 735 200
682 460 934
205 822 5
496 189 531
701 504 472
444 199 150
527 99 815
540 505 287
253 238 80
577 377 214
392 184 402
139 744 913
45 70 451
179 384 503
298 517 572
165 37 685
846 788 564
254 565 77
679 45 735
713 296 901
547 578 831
499 624 117
138 625 431
527 797 370
532 703 230
818 336 267
516 322 343
117 441 708
338 285 325
218 311 403
799 252 332
707 47 198
455 531 100
698 402 467
540 58 59
251 8 133
502 415 93
350 33 440
237 304 726
138 326 332
853 129 600
131 679 236
529 668 161
83 488 946
60 819 492
353 767 787
704 637 305
703 124 116
311 6 736
317 35 173
837 799 858
300 393 632
837 154 541
82 72 509
676 436 22
47 95 665
154 377 539
100 260 395
341 259 570
230 320 318
743 159 717
515 388 706
121 657 966
613 812 212
368 785 347
838 202 334
200 436 635
68 428 764
275 660 777
275 768 852
554 166 804
763 164 988
20 64 439
57 56 146
536 340 854
423 703 288
713 830 931
638 337 502
102 69 555
801 588 362
295 324 9
385 415 667
310 71 26
241 18 474
547 584 495
158 705 522
803 374 649
786 530 429
497 150 785
419 509 991
285 234 262
246 126 383
565 115 432
302 598 987
323 815 418
167 251 412
444 621 923
683 513 119
606 846 744
554 475 362
150 766 971
383 230 53
86 394 60
307 181 837
479 726 714
468 434 270
201 509 461
840 521 843
738 373 816
14 792 527
399 788 86
492 524 338
848 394 801
46 234 153
851 272 517
74 373 308
