1000 9890
727 68
466 759
945 611
30 287
234 762
237 201
475 764
96 759
116 762
355 898
69 912
722 480
53 215
402 49
683 64
997 416
891 165
564 197
911 80
569 169
73 385
476 805
904 130
557 824
669 926
783 138
622 934
787 207
956 750
852 943
209 731
467 395
913 229
17 424
255 360
176 726
166 267
522 563
507 523
572 429
934 780
22 842
725 249
174 881
691 9
342 699
678 257
259 149
596 138
689 600
344 779
219 649
457 108
226 307
942 485
729 408
748 460
608 711
736 396
83 23
11 786
555 977
148 473
59 14
277 187
560 952
45 64
428 72
858 693
604 465
272 484
106 449
407 736
879 334
257 449
224 796
251 565
750 729
695 296
261 282
524 400
360 475
257 445
589 246
919 756
526 933
333 440
854 762
690 891
820 958
752 860
651 876
467 875
380 228
700 843
149 317
522 915
611 578
372 832
229 566
531 931
273 887
271 228
592 83
62 59
962 125
180 804
468 758
749 163
731 696
14 840
332 293
249 645
610 922
297 27
875 482
359 717
434 228
587 438
330 981
768 423
559 196
28 268
446 519
662 567
613 656
739 448
153 997
651 293
463 192
307 364
92 750
153 918
151 423
912 165
514 361
408 580
211 121
269 873
519 521
164 602
31 179
639 46
732 860
680 191
809 477
98 524
465 279
112 688
332 705
495 151
867 800
983 930
915 706
639 602
628 51
647 139
462 503
125 7
306 675
841 893
257 301
81 225
337 127
447 502
51 825
287 665
682 637
534 650
883 20
647 806
405 974
591 383
227 449
837 587
17 778
570 214
20 235
539 909
299 84
872 402
989 817
99 209
725 539
356 146
270 673
587 534
91 839
165 500
848 58
886 518
70 563
930 432
787 41
368 351
423 909
463 608
851 942
673 402
532 467
846 20
934 27
242 530
665 822
886 800
874 1000
467 466
29 423
911 825
515 608
365 271
169 60
578 128
450 527
943 121
514 555
815 51
247 525
768 986
921 611
111 100
356 923
197 409
128 688
143 871
974 579
866 856
405 332
616 815
469 853
645 818
245 318
346 167
102 153
191 829
411 712
489 228
219 95
453 321
36 855
55 13
992 157
42 892
224 119
810 770
317 999
140 781
14 786
491 547
258 704
673 679
357 182
339 407
175 773
881 772
51 675
202 933
613 453
885 608
135 411
693 605
234 338
567 436
275 748
612 515
24 44
120 405
263 375
324 359
642 558
493 344
538 733
595 932
318 285
393 938
552 913
826 336
922 119
441 950
974 328
208 103
283 841
726 505
543 733
271 62
128 312
2 244
355 873
247 399
798 805
198 721
513 651
865 948
755 456
460 212
887 223
674 894
469 98
734 566
751 892
395 1000
37 360
540 795
104 325
343 918
674 977
204 800
42 135
263 985
89 416
143 647
916 901
81 454
60 359
407 242
688 876
507 622
58 768
539 243
705 239
407 99
876 16
57 138
117 404
123 953
433 381
362 301
733 298
330 207
828 66
776 509
219 550
987 675
805 894
404 569
352 506
5 870
590 321
182 370
241 918
883 483
538 202
211 414
286 460
110 656
845 611
112 617
188 950
337 276
110 515
664 907
3 635
701 624
153 394
974 27
689 861
270 610
163 974
884 268
833 822
580 5
342 304
694 5
111 125
885 870
379 317
398 369
666 26
319 977
358 512
498 820
863 375
891 311
655 184
379 27
626 56
972 12
667 626
765 579
252 378
610 516
895 613
142 7
588 83
790 755
458 376
912 525
360 602
697 701
476 580
477 829
78 964
523 841
970 366
728 148
781 182
25 3
469 442
255 73
827 600
611 225
620 991
898 429
335 794
14 654
313 536
900 683
261 931
942 490
990 278
59 144
386 160
546 642
413 665
190 366
71 713
741 997
872 876
22 358
685 222
118 408
559 581
546 612
853 856
68 224
362 965
438 22
784 320
894 447
879 329
388 638
98 826
887 468
449 632
357 95
286 85
241 510
559 776
938 447
869 69
854 763
964 367
513 977
273 596
471 297
705 585
416 188
881 264
311 933
560 291
433 799
90 446
287 127
391 799
640 762
330 752
38 1
563 482
839 433
952 171
297 26
425 109
338 694
621 249
714 941
360 332
606 343
754 474
819 42
730 403
913 96
1 703
112 102
57 747
539 247
464 803
265 982
305 737
252 834
678 290
278 188
47 369
932 169
456 738
936 44
210 817
46 59
504 238
948 659
788 1000
382 243
121 363
503 913
300 304
871 138
107 729
469 914
475 349
75 823
286 151
385 230
225 487
903 28
994 195
196 160
324 509
650 417
721 775
258 543
637 427
328 839
573 879
137 295
446 850
894 693
20 244
95 592
828 771
812 376
319 920
176 410
621 520
656 916
531 736
470 28
385 674
688 261
321 300
798 974
982 187
964 466
700 872
465 973
564 271
15 81
471 531
267 884
316 976
63 357
356 497
928 210
180 135
218 510
520 316
773 918
1000 676
284 229
948 140
146 130
934 107
98 139
947 972
195 851
936 347
476 524
245 249
869 799
796 985
425 628
383 79
446 120
244 903
500 297
460 90
931 721
192 153
429 164
891 537
487 114
89 519
272 97
737 883
3 211
560 660
874 316
547 494
231 105
876 354
948 887
625 550
936 151
421 977
814 88
796 675
637 523
127 825
719 37
589 797
466 205
175 663
146 808
788 738
718 359
918 869
997 788
873 286
727 495
949 593
919 710
572 760
315 641
485 81
314 331
942 797
6 141
209 23
7 220
615 395
488 218
988 799
261 337
211 942
234 629
823 719
57 20
664 108
439 710
778 476
816 871
750 848
673 226
357 329
756 513
410 325
150 910
742 628
201 181
569 34
143 115
881 464
844 220
8 302
264 952
707 364
514 985
764 395
881 417
184 239
627 645
811 314
186 937
412 391
714 515
136 449
304 931
948 352
416 817
616 236
757 528
126 737
515 748
329 321
13 231
986 753
454 443
737 701
494 968
580 797
652 386
213 239
255 37
438 975
365 677
442 386
867 447
207 134
429 136
377 175
93 59
455 948
81 723
478 623
415 90
827 138
701 685
339 340
988 191
594 802
374 814
348 141
832 706
335 945
101 320
417 268
290 242
497 990
315 685
499 184
394 52
862 845
389 383
618 465
877 580
73 988
220 661
777 990
794 932
959 418
695 484
682 965
518 103
978 201
939 62
651 834
466 644
808 883
717 253
829 515
122 13
512 187
647 551
248 975
172 709
838 994
109 30
333 982
229 645
911 963
74 710
183 542
777 491
521 705
455 340
22 985
502 145
701 13
957 99
602 626
16 369
469 441
19 646
966 996
463 159
856 249
875 183
553 191
681 498
222 786
524 872
158 570
754 891
352 391
188 885
136 904
413 664
583 412
128 5
804 95
611 559
244 12
745 481
84 693
432 446
605 21
953 748
419 136
811 762
573 503
448 648
76 724
794 375
558 260
500 852
985 812
905 601
993 314
194 954
893 124
414 175
722 132
279 963
858 324
822 171
901 712
189 742
229 206
299 106
997 159
266 369
780 722
90 157
860 393
939 26
759 693
544 586
281 660
622 247
539 824
899 696
419 802
650 170
291 797
431 383
481 68
100 726
579 849
617 422
907 934
468 752
655 12
574 754
536 956
131 480
955 946
29 449
32 107
625 108
143 329
57 520
443 547
407 196
411 1
506 129
952 795
293 45
279 14
468 69
531 353
681 204
476 472
772 157
796 779
890 90
691 103
231 358
412 540
994 932
224 400
41 830
273 765
101 886
431 658
629 416
847 281
25 338
980 190
505 282
782 620
184 961
921 264
387 740
615 930
605 200
419 215
2 981
184 944
499 421
962 983
135 147
227 882
569 879
487 700
675 800
326 634
609 126
917 429
331 912
525 664
107 617
914 913
275 613
148 221
670 246
566 112
82 425
214 618
807 451
756 409
902 477
803 360
287 667
660 231
536 429
610 657
332 816
205 62
462 663
814 616
855 68
608 271
20 245
518 156
167 70
3 993
980 967
30 458
622 288
698 368
782 464
163 714
492 460
610 747
649 445
707 371
319 889
626 106
632 706
792 403
434 420
806 212
682 78
132 35
691 308
558 708
400 378
58 874
338 554
445 262
853 505
321 792
840 824
801 534
990 34
115 740
973 816
745 893
874 539
32 964
841 338
199 680
257 929
274 513
874 426
784 958
519 990
187 401
794 235
758 808
248 161
893 527
947 395
896 695
732 572
997 561
323 798
955 5
317 752
357 803
328 55
951 113
681 629
332 743
205 367
520 693
634 575
430 576
513 348
110 468
572 761
3 686
137 608
104 749
410 692
285 296
909 686
806 842
161 632
220 259
8 915
8 870
988 792
494 81
99 547
25 900
432 898
635 451
997 149
668 525
885 817
286 645
696 702
916 323
902 874
760 581
321 271
284 437
782 428
372 954
662 598
944 330
645 45
285 910
753 110
807 777
117 719
92 955
735 59
717 540
648 125
541 494
621 192
611 118
540 170
527 726
140 280
37 224
439 268
611 199
204 663
740 545
192 119
874 639
804 326
733 296
700 407
574 424
705 271
28 532
1000 861
454 346
540 511
193 716
984 753
503 939
732 919
127 847
537 359
684 530
852 296
157 654
33 896
305 155
185 573
457 483
590 71
637 671
495 671
626 656
880 608
241 758
24 364
133 566
569 528
988 990
440 732
883 176
262 117
979 645
86 617
451 60
234 436
869 222
980 793
855 97
350 733
426 245
464 64
17 976
678 527
825 969
256 348
494 220
330 794
778 497
964 388
323 276
731 435
384 688
756 719
8 380
924 826
617 312
856 608
416 1
933 548
915 41
699 718
259 589
522 845
763 581
303 284
270 79
860 645
455 49
368 409
494 425
26 755
463 602
670 492
573 415
644 207
424 551
498 615
247 800
891 559
252 602
606 377
75 243
153 669
463 888
869 965
766 867
783 437
252 969
700 341
156 269
630 146
614 823
905 543
355 464
560 741
800 291
752 44
684 833
520 162
95 402
118 977
716 110
75 533
265 777
395 982
69 243
126 508
110 993
607 375
519 913
25 373
244 879
432 337
452 796
371 356
443 51
740 827
744 49
395 180
982 872
897 810
275 874
553 739
3 443
900 971
387 536
413 520
984 636
267 332
605 20
556 440
353 659
617 702
779 411
376 236
141 618
239 379
918 802
850 44
233 54
594 41
85 722
176 146
765 176
489 365
287 678
860 356
434 656
333 36
121 890
702 466
119 982
52 291
569 383
626 888
474 253
788 432
89 976
975 875
608 864
947 566
674 194
365 117
590 342
497 5
209 393
467 733
657 637
450 917
809 463
755 386
649 17
869 694
116 63
787 127
75 433
77 611
118 303
383 697
892 360
621 102
97 682
109 146
222 435
658 643
122 239
213 148
964 956
18 994
184 390
960 359
598 297
857 993
435 311
359 428
951 97
520 862
373 680
945 471
799 500
268 124
417 798
969 473
71 393
148 666
738 622
131 972
903 602
761 95
433 20
596 526
70 195
533 553
1 456
20 604
780 118
144 301
723 4
337 449
50 998
970 727
774 495
371 158
23 569
210 224
448 661
175 866
306 719
108 416
769 250
195 221
141 799
475 125
315 724
507 332
381 363
220 687
243 374
725 966
944 179
565 813
659 424
190 58
920 956
152 294
24 353
321 433
584 489
823 538
142 132
275 32
838 777
358 839
821 117
437 380
80 215
578 330
464 310
800 816
826 524
959 808
564 184
823 984
859 460
426 437
186 798
943 292
428 951
32 136
621 74
716 162
130 541
563 369
307 431
606 305
531 94
312 399
421 411
593 954
98 120
830 825
304 743
527 891
235 945
472 413
92 606
204 620
942 326
544 241
396 94
450 264
805 246
899 113
828 185
297 423
870 548
852 55
691 243
885 590
966 75
969 662
735 666
791 148
629 559
27 715
432 281
359 182
953 841
990 492
956 324
669 392
797 840
870 774
728 795
803 203
487 338
559 654
233 236
292 979
332 736
142 568
638 28
31 438
953 404
935 732
348 346
508 144
777 599
336 257
465 163
907 468
980 774
765 120
147 299
918 564
427 107
755 175
93 167
209 237
289 255
418 477
755 348
591 706
155 530
462 914
673 81
450 938
159 854
697 91
860 737
648 945
972 817
282 659
797 240
935 447
342 215
570 954
455 76
627 647
886 451
522 825
138 558
857 142
658 425
184 352
97 513
171 696
812 930
598 119
877 196
436 446
221 672
446 88
757 542
938 856
544 63
1000 529
257 738
360 153
972 431
956 804
499 947
282 855
782 920
696 473
571 711
143 934
633 770
452 682
58 609
946 48
137 12
697 866
644 703
701 826
499 382
308 70
979 72
547 396
107 389
914 677
992 205
538 201
771 240
597 618
376 98
249 724
107 274
552 421
419 238
370 576
716 787
609 421
975 338
813 83
982 839
67 305
822 419
881 805
832 425
127 573
629 987
461 121
10 147
747 608
362 654
868 59
241 471
96 318
488 322
211 991
716 576
864 819
332 889
940 376
138 942
626 853
54 490
777 813
228 9
548 3
637 179
162 706
787 388
879 234
672 917
18 330
40 686
55 869
313 382
292 833
142 923
859 391
833 224
472 136
140 479
861 547
481 319
342 588
826 905
409 443
383 1
184 713
26 180
467 90
71 420
245 465
517 115
571 449
516 454
810 679
983 692
988 238
935 817
742 261
192 481
147 872
267 497
14 862
127 755
510 201
206 198
816 278
104 520
853 869
201 454
438 21
686 319
101 357
710 705
437 163
551 642
618 416
552 740
998 929
498 482
9 501
462 697
102 736
472 697
509 738
108 499
794 673
57 82
721 75
333 261
65 943
138 821
803 494
803 573
392 184
123 78
547 544
397 697
366 294
294 3
83 812
713 921
240 369
666 885
805 409
155 504
691 730
910 120
839 434
74 760
717 594
867 61
522 576
134 890
429 522
433 591
285 742
368 100
97 954
153 632
459 725
79 676
30 842
126 575
53 747
94 25
683 620
761 380
946 150
88 210
476 329
908 918
867 360
465 984
562 454
874 436
800 447
123 1000
164 62
918 387
390 552
874 455
858 960
140 7
107 444
92 264
148 522
851 77
282 464
466 85
379 860
913 658
861 124
440 968
202 683
168 471
191 211
153 37
980 414
175 764
61 599
135 34
566 782
333 229
758 654
410 606
379 555
785 890
932 767
284 661
834 573
392 536
466 921
86 662
233 930
24 67
817 442
945 717
394 349
693 359
217 598
860 504
953 202
517 585
669 286
941 537
439 754
713 714
820 537
425 498
321 289
910 651
675 38
247 725
624 533
768 287
19 151
536 875
386 622
905 154
344 284
87 636
381 799
754 283
817 983
322 431
490 989
667 173
94 219
520 398
486 609
431 224
804 590
959 670
28 364
947 126
939 935
64 507
451 744
839 837
754 735
793 533
421 764
631 679
861 190
684 921
575 812
580 730
979 185
20 625
797 839
564 371
533 957
805 952
196 309
258 301
187 113
284 813
874 221
413 975
590 817
77 418
247 106
230 128
893 960
486 286
253 97
73 715
609 265
723 257
159 285
522 445
208 317
358 695
456 447
159 418
401 698
823 859
370 225
706 156
25 906
523 135
824 390
567 342
346 86
953 230
224 550
544 517
119 303
569 438
953 87
113 978
320 724
9 927
323 459
566 261
470 430
237 113
575 89
498 927
589 667
290 631
584 517
649 40
342 839
147 855
648 144
924 101
1000 643
195 931
490 561
952 870
759 163
464 960
859 582
378 906
678 143
662 512
773 681
888 979
283 437
746 374
657 128
753 735
865 485
663 174
4 505
655 122
677 280
670 946
615 102
586 393
509 454
48 232
59 283
973 931
353 58
615 774
504 186
965 979
931 863
679 785
352 510
655 417
979 75
616 783
640 646
845 654
809 392
295 685
741 973
690 445
802 579
489 196
36 287
521 953
184 258
674 551
474 675
833 1000
923 702
817 151
102 923
49 237
931 155
242 790
525 559
159 374
196 251
772 812
555 436
833 778
775 171
500 529
621 939
821 281
592 703
512 726
134 192
817 450
67 255
683 409
114 565
209 274
690 803
696 860
560 205
381 628
524 421
661 418
114 401
441 839
318 31
798 773
644 427
224 792
479 40
104 278
602 61
608 36
179 356
520 360
647 850
722 882
984 861
653 564
32 66
167 797
645 144
313 607
408 945
88 985
126 689
773 892
83 335
88 247
398 578
673 252
301 269
339 934
905 509
654 307
841 360
453 82
754 743
622 691
629 600
83 429
619 175
857 726
516 455
117 150
458 108
749 945
355 473
816 440
581 136
232 130
713 968
235 452
453 261
24 731
909 530
93 687
479 682
776 985
774 115
309 375
332 952
349 630
280 99
779 945
600 684
859 905
823 786
332 783
59 705
579 278
730 662
696 538
271 860
105 322
539 932
314 497
834 760
66 366
708 193
616 690
99 784
881 691
698 347
494 254
932 145
963 917
51 623
532 230
311 929
831 168
8 282
794 857
445 637
686 875
247 115
375 62
838 946
855 880
214 120
594 624
683 163
530 274
490 855
240 370
402 161
421 131
773 958
367 699
868 380
174 581
411 917
329 572
41 496
389 506
25 382
584 794
448 13
344 206
198 217
994 24
435 520
718 851
19 679
884 639
97 155
302 58
106 987
110 899
25 343
575 779
524 783
373 367
433 942
948 671
534 208
41 989
997 538
912 39
743 234
871 49
675 282
767 224
456 452
348 82
844 879
277 218
1 822
803 190
16 796
223 983
25 226
945 913
149 832
171 713
98 875
485 57
71 741
713 286
453 539
256 73
96 264
997 990
45 321
391 853
17 892
243 376
337 899
559 808
712 209
34 933
641 203
259 856
702 460
573 988
225 822
744 322
142 647
125 981
695 553
441 782
442 128
602 211
941 826
143 487
288 6
587 666
570 932
535 922
523 550
608 794
982 409
472 210
991 197
739 180
702 8
423 537
482 439
504 739
377 347
375 288
71 43
208 587
943 407
620 256
805 402
218 540
978 388
593 952
886 199
743 586
908 709
184 531
5 619
445 372
174 946
670 855
178 17
469 638
363 23
952 536
926 871
459 568
64 545
931 674
588 603
116 372
667 876
447 972
267 346
865 43
27 634
474 605
7 421
870 151
319 407
908 432
763 900
215 326
640 376
10 362
327 793
292 556
920 333
829 352
158 973
361 199
898 412
556 160
885 540
669 479
506 959
682 602
555 472
683 303
441 72
522 227
483 453
176 299
802 83
859 110
896 20
816 418
114 27
978 205
480 913
46 864
803 615
697 232
110 23
4 640
224 881
794 878
553 631
817 647
711 507
603 146
661 510
68 69
740 25
37 803
985 342
634 521
643 760
424 674
406 630
83 999
229 621
326 313
522 694
526 214
251 282
971 5
776 53
268 337
910 160
507 613
459 710
192 987
691 10
892 624
822 859
907 472
908 784
606 77
771 24
761 164
45 803
173 366
156 604
748 486
549 147
418 631
258 492
615 918
656 231
170 907
183 42
754 930
476 447
662 60
980 471
799 125
286 320
950 251
474 672
182 145
720 712
862 535
59 966
873 510
653 488
860 236
37 771
172 238
690 623
346 265
932 560
661 239
538 651
934 903
531 574
259 867
162 167
823 702
39 239
422 765
613 198
617 3
622 364
933 719
56 781
848 473
276 786
869 76
872 495
531 796
78 525
744 41
191 278
713 786
218 144
990 530
954 524
665 983
9 923
88 700
674 927
401 225
670 467
622 936
606 493
473 247
695 932
700 626
324 445
261 199
84 287
946 398
106 691
69 589
783 257
17 418
91 721
40 861
239 994
973 868
887 738
321 709
50 445
386 923
634 79
857 676
148 641
573 160
982 770
374 765
505 258
947 343
788 977
326 880
757 52
940 756
413 660
838 223
197 237
624 343
842 274
351 746
633 239
962 975
141 534
978 101
448 652
465 463
341 724
270 720
163 768
845 868
292 612
668 803
928 336
803 368
492 695
38 751
2 561
242 906
100 316
357 427
33 493
592 668
350 700
663 821
389 480
318 478
928 638
638 647
758 947
425 404
81 298
427 194
670 130
36 980
103 921
696 889
919 530
705 765
83 833
872 90
202 937
511 553
441 723
462 209
482 289
318 139
125 643
843 984
881 109
593 383
166 79
683 819
467 572
506 26
201 616
211 810
270 900
710 411
615 80
344 32
390 893
800 211
528 84
730 412
200 810
554 846
921 577
938 673
942 297
239 289
853 338
691 107
749 737
383 39
386 127
408 731
581 43
580 849
727 898
199 87
487 69
143 777
131 817
315 188
886 309
852 397
836 522
755 634
40 373
867 584
407 757
231 977
470 651
679 937
989 278
261 676
832 864
597 192
514 827
956 385
301 820
140 758
966 558
42 932
275 626
754 320
850 15
667 719
746 76
693 579
879 360
20 915
722 213
546 359
621 993
822 24
953 351
709 933
171 502
379 267
802 447
566 140
803 586
273 555
592 791
981 651
564 357
341 812
548 336
203 775
186 874
946 741
714 665
217 999
398 76
881 440
627 684
42 26
134 570
549 553
327 47
267 810
800 17
602 357
218 618
701 367
226 945
787 890
165 50
689 696
244 144
959 664
805 98
685 964
316 17
779 907
709 710
356 818
583 173
785 254
952 537
809 240
540 352
729 425
801 884
72 612
491 874
32 870
461 526
724 116
301 485
840 617
936 641
112 500
844 829
866 709
650 918
153 150
918 529
460 552
463 369
269 536
220 74
742 451
279 579
358 504
965 160
859 677
662 128
794 356
229 357
733 563
584 403
111 897
167 691
280 45
153 289
48 57
129 216
628 140
276 25
211 964
251 755
15 764
6 17
355 725
891 451
820 973
158 236
534 539
756 671
578 651
48 315
544 519
817 565
177 982
972 919
4 641
132 350
189 411
650 159
65 917
63 422
263 672
323 461
17 522
414 532
898 961
652 574
446 389
514 965
200 751
430 112
886 919
8 418
653 526
981 897
29 276
783 191
401 149
592 160
652 714
544 451
377 374
639 586
553 283
554 228
776 54
958 258
445 437
819 248
251 394
749 391
74 385
256 990
153 566
218 13
666 764
829 128
830 939
856 226
505 500
235 47
642 357
550 346
202 444
888 691
425 731
502 475
965 977
843 445
296 840
67 903
111 353
948 848
54 643
720 939
404 950
984 612
15 796
96 100
991 803
387 945
466 170
842 465
590 787
516 658
319 852
853 831
12 497
361 17
270 757
267 367
860 237
879 307
183 376
77 213
774 325
652 974
595 872
903 99
724 588
48 37
637 509
985 836
343 118
695 221
73 630
920 217
199 258
564 648
629 762
246 918
591 562
151 641
812 317
764 198
238 229
351 334
833 681
802 342
933 544
437 689
890 399
82 832
777 55
960 575
806 129
826 707
260 45
703 283
531 106
806 16
972 232
922 565
351 253
831 681
363 291
697 711
517 468
576 944
86 181
635 415
999 918
529 270
363 176
308 599
701 547
912 289
144 187
404 645
994 229
723 929
904 709
102 494
981 473
31 934
861 883
917 260
25 377
68 441
309 945
515 122
883 596
25 490
351 710
634 302
432 292
663 259
6 514
592 127
709 65
31 85
701 573
964 794
745 373
83 218
451 254
219 842
591 210
500 849
998 240
820 752
529 517
571 62
423 461
577 785
67 447
569 673
54 171
24 427
777 620
426 322
267 958
343 139
146 581
474 86
972 761
206 641
176 500
929 170
347 381
122 248
433 896
234 729
995 262
298 58
229 962
398 113
38 168
905 99
959 816
549 564
626 425
972 189
635 93
284 159
714 580
539 403
957 160
460 504
78 955
178 777
398 770
900 448
297 173
923 97
744 706
321 823
257 286
929 560
939 763
834 463
782 855
567 711
165 895
390 924
550 354
79 910
279 344
67 974
874 450
233 474
272 728
514 275
584 87
748 192
228 731
908 63
893 727
675 284
90 740
642 79
383 661
847 58
742 292
988 124
220 22
992 103
194 761
121 591
432 46
860 38
879 762
348 370
224 832
405 245
194 616
394 102
103 504
292 665
346 206
54 183
628 216
665 338
24 70
423 70
500 587
780 517
307 729
950 381
733 611
938 413
885 856
651 816
484 967
697 210
459 259
281 891
214 43
380 263
541 114
930 459
74 569
259 649
639 704
584 602
839 258
695 894
476 740
831 242
247 887
88 996
360 521
769 873
256 836
316 204
118 192
174 726
356 733
784 518
607 4
420 882
669 609
397 158
201 869
514 298
865 478
421 360
169 455
524 719
192 96
547 452
36 945
112 279
98 342
46 238
249 994
265 837
992 950
735 646
404 556
900 617
6 680
780 391
323 564
529 129
326 953
699 305
234 40
107 298
239 473
974 868
461 879
724 843
68 491
733 131
914 863
93 868
205 362
724 954
304 5
175 770
570 288
629 963
997 879
447 386
346 891
608 194
455 175
516 989
132 682
100 358
228 819
157 233
929 368
418 247
35 137
77 18
388 963
30 408
825 193
642 518
993 762
687 512
150 785
471 751
57 143
935 28
919 891
255 905
130 808
220 860
721 289
85 202
13 605
285 792
70 534
146 62
717 821
15 135
373 719
959 840
49 777
520 478
957 885
999 540
321 989
838 666
485 834
791 550
17 452
588 949
922 577
540 48
942 644
446 631
808 360
184 578
312 631
792 769
227 356
156 696
107 718
439 267
723 900
904 810
139 17
412 577
975 394
179 886
201 914
808 134
662 865
40 16
773 909
944 582
357 543
545 697
965 976
628 702
758 777
763 741
432 313
250 528
680 239
793 784
850 291
34 436
839 729
422 823
315 453
281 213
409 904
963 465
15 908
896 438
570 341
24 369
337 158
447 337
654 769
219 158
456 252
607 867
448 735
659 518
830 140
327 908
811 963
24 15
484 185
121 865
964 227
125 185
876 919
146 606
498 77
461 343
929 141
214 369
90 131
932 784
627 472
582 491
904 477
668 622
246 518
449 288
911 186
255 988
440 29
685 601
912 983
30 662
859 362
381 738
916 203
695 817
854 146
198 470
805 374
539 438
407 190
834 198
528 933
734 311
493 667
118 8
28 288
113 392
352 704
758 472
120 604
373 118
964 961
505 38
123 595
363 64
511 216
407 781
356 971
347 87
439 412
540 425
279 311
525 59
893 577
882 630
624 250
788 979
754 885
993 43
83 31
6 70
245 767
410 420
196 405
970 700
572 856
194 830
82 44
390 509
835 820
747 290
823 73
276 508
893 901
968 36
557 174
232 383
910 998
819 847
69 424
453 693
789 939
760 821
788 44
855 446
656 528
346 154
291 889
836 281
547 710
380 141
53 17
631 452
252 575
87 374
553 603
302 675
873 933
692 495
103 1000
967 855
934 356
384 512
630 567
575 402
122 790
449 46
30 541
492 132
207 659
578 5
853 141
928 60
621 97
325 548
915 294
809 879
151 872
597 136
523 797
185 402
717 735
169 89
960 380
288 441
677 177
754 548
517 344
64 208
335 42
140 221
697 956
791 30
957 498
563 935
156 535
178 507
454 276
274 934
761 124
383 263
445 334
917 326
63 746
101 419
799 166
949 725
248 206
453 486
516 708
556 409
558 443
546 387
582 333
585 511
621 846
175 990
859 889
306 859
846 206
972 568
935 644
831 503
847 90
765 111
214 479
380 947
107 909
920 18
115 390
245 791
394 345
509 642
368 538
59 607
155 924
962 260
122 729
506 632
472 520
125 978
94 643
291 593
579 21
981 649
506 747
214 40
507 30
198 620
385 724
407 403
941 823
251 21
804 773
220 67
901 89
939 282
618 983
178 968
549 727
365 374
83 957
174 612
344 399
622 870
880 321
296 274
922 618
196 779
161 984
785 603
734 271
865 620
592 484
723 634
905 457
669 608
710 276
306 70
550 429
607 148
442 518
852 205
974 728
866 993
350 278
761 141
887 597
178 415
59 352
221 566
563 816
951 425
149 863
98 697
802 571
400 843
58 283
216 777
414 444
325 271
220 507
295 491
386 389
6 858
7 55
836 157
818 384
414 463
733 819
917 60
612 932
759 823
842 669
183 391
206 988
34 85
626 987
828 847
637 57
177 635
955 251
557 408
651 863
925 148
621 741
471 750
683 462
216 489
821 84
778 998
401 361
809 628
536 220
481 987
796 278
545 18
907 919
308 424
754 168
893 75
756 814
887 68
619 746
247 165
344 508
400 446
915 497
191 546
263 977
950 821
296 270
23 357
596 409
468 20
605 725
822 34
207 361
264 507
835 868
178 161
605 582
435 370
255 93
476 900
956 912
153 933
27 908
966 25
469 543
182 552
350 457
454 109
804 467
206 461
176 672
819 694
912 116
835 702
254 505
236 540
883 491
865 52
278 857
154 219
28 816
965 241
162 766
514 75
196 983
71 882
55 105
591 75
261 762
395 108
917 495
519 367
868 595
793 486
413 832
875 669
234 303
954 100
385 295
974 99
409 681
396 993
827 335
869 216
696 514
800 454
21 365
333 395
800 544
138 139
617 13
215 897
857 418
51 535
479 817
270 311
185 477
61 626
742 523
450 907
753 290
860 706
424 754
612 99
797 175
670 327
232 114
749 182
164 764
146 35
203 94
810 74
938 7
498 526
598 37
856 644
873 746
268 530
456 818
860 992
421 124
739 241
23 280
425 121
118 158
66 713
150 86
596 445
49 534
165 712
621 158
625 347
296 121
762 20
307 283
115 674
740 963
857 681
288 636
715 263
199 622
441 813
823 312
728 954
275 771
314 871
150 193
45 917
339 136
33 821
733 40
770 82
615 174
684 748
496 989
166 713
462 198
300 229
173 113
234 97
595 40
244 442
500 812
853 864
33 535
654 883
495 966
348 360
646 707
149 105
120 242
214 577
430 642
396 566
290 17
662 313
974 127
354 860
150 887
730 739
358 736
675 190
180 704
185 174
167 970
885 721
561 827
814 599
104 954
945 676
160 636
234 549
754 112
389 493
765 428
373 449
256 318
220 999
522 9
560 332
74 944
972 917
103 379
843 844
826 626
30 514
694 549
378 364
146 7
735 347
757 703
320 318
504 715
967 116
553 704
679 256
540 970
189 20
796 124
377 300
564 190
535 976
337 272
619 976
565 474
52 643
577 484
616 542
673 436
109 575
922 317
904 739
302 62
505 434
253 532
382 872
528 770
746 759
533 826
984 256
509 379
205 610
335 163
999 120
288 870
399 646
145 547
993 167
116 50
172 508
847 158
987 385
167 571
849 416
315 268
944 508
119 874
665 54
146 876
82 416
393 509
253 457
54 26
419 395
115 24
704 587
637 419
750 642
203 589
684 20
190 341
621 876
291 304
826 325
155 927
1000 208
416 353
364 623
403 93
740 146
354 565
744 213
52 188
274 146
555 47
95 894
743 898
65 831
787 871
284 479
627 689
41 310
332 499
596 672
856 717
748 939
288 137
109 223
626 459
739 184
505 772
448 335
657 893
161 622
861 757
18 945
907 385
540 46
849 655
762 874
672 94
781 276
140 412
397 11
718 913
957 51
886 219
743 582
464 872
766 957
442 681
810 439
562 276
49 687
748 111
452 700
753 647
202 391
177 160
649 604
780 306
766 671
864 370
476 72
477 289
355 633
338 105
861 91
558 101
410 794
776 371
666 202
335 488
559 517
766 91
715 779
629 961
23 712
340 828
381 152
932 536
596 377
168 869
9 423
119 516
390 228
342 394
289 919
898 523
635 618
357 480
394 378
87 219
894 729
308 228
919 772
96 630
409 308
915 165
919 885
151 751
190 83
411 642
764 44
659 168
221 871
426 177
494 293
702 206
482 373
307 834
436 358
477 526
973 393
27 323
304 972
484 682
507 795
532 504
554 80
810 230
756 862
743 331
576 599
425 941
833 56
355 300
616 455
748 60
804 766
363 102
421 266
425 847
139 585
657 20
397 286
738 217
760 566
889 99
46 8
672 695
748 482
628 800
589 930
880 810
684 634
151 343
138 988
410 223
801 902
676 22
605 152
578 264
940 675
67 537
709 106
876 461
809 671
941 7
979 940
263 31
822 266
163 155
1 212
718 331
497 581
737 339
955 260
650 378
387 848
872 678
196 224
234 447
896 214
368 837
63 144
154 668
375 898
694 18
392 420
543 299
731 27
778 504
545 34
981 832
263 641
736 292
772 365
501 491
484 812
341 82
645 10
721 412
740 392
482 392
1000 341
782 173
394 850
624 673
622 940
333 512
478 100
351 254
152 800
619 614
730 277
108 481
427 455
661 865
830 872
522 569
791 407
964 982
930 834
572 423
353 383
959 733
528 581
197 294
382 994
218 835
40 127
463 103
552 342
156 525
943 712
987 873
115 594
6 743
425 564
482 959
598 593
491 823
55 174
884 11
296 807
626 648
939 975
556 536
525 394
874 380
201 238
185 753
899 365
847 35
443 185
586 795
680 348
941 107
779 400
508 496
978 240
10 302
368 786
883 149
141 837
897 239
171 398
138 221
727 141
103 695
931 408
517 607
369 265
8 545
975 963
299 98
726 463
933 751
346 11
551 306
935 81
503 115
432 720
990 611
312 6
668 483
890 575
873 939
590 456
424 751
422 78
962 115
397 260
716 38
661 675
703 312
482 428
895 512
752 274
681 138
424 269
392 620
434 154
454 217
619 165
245 236
407 77
763 355
212 475
251 439
821 591
92 625
592 393
41 149
355 501
563 56
624 58
108 88
979 296
653 23
140 174
141 195
348 777
644 750
912 46
953 822
36 126
535 132
334 383
690 495
729 627
235 590
311 85
520 562
371 246
889 885
953 528
573 531
97 346
278 753
797 927
745 342
907 195
931 201
56 653
92 219
975 515
537 942
573 644
189 975
206 87
820 727
519 778
328 993
94 980
989 500
862 866
538 860
480 684
950 354
102 693
824 513
915 938
309 455
488 118
824 496
971 579
129 914
247 761
90 121
716 277
510 734
199 318
937 593
373 583
670 269
459 98
556 652
413 460
707 264
726 36
622 282
342 829
899 954
352 275
623 71
597 313
728 392
691 316
804 997
87 747
382 713
106 805
386 650
27 132
553 332
717 705
244 537
407 81
201 79
456 553
383 118
899 233
101 769
562 277
49 686
357 706
412 632
609 392
942 11
770 838
37 325
314 570
634 387
639 150
514 323
952 652
738 165
761 7
406 245
317 550
874 293
729 478
906 376
145 637
989 20
718 594
803 240
133 3
970 867
615 220
374 842
745 651
662 375
167 687
868 520
798 343
12 600
471 21
388 575
401 700
842 746
38 555
149 386
579 469
854 713
464 272
604 800
823 710
916 484
646 69
526 671
998 616
678 618
811 23
315 836
544 650
764 45
765 708
664 275
905 47
708 548
507 173
181 676
934 418
627 652
900 214
541 196
312 932
714 733
428 771
213 115
877 44
553 654
237 397
961 113
377 378
284 194
360 616
271 452
723 683
961 226
523 807
585 654
507 817
810 281
811 273
469 428
183 658
5 586
768 765
434 900
753 674
172 21
800 509
819 267
126 347
680 67
295 730
22 118
546 884
396 351
552 29
205 553
775 733
344 711
22 336
465 341
653 402
362 983
471 219
254 217
641 447
208 497
357 167
618 36
25 733
362 870
243 25
267 825
474 463
458 968
510 513
719 727
902 413
405 923
997 17
158 189
654 542
661 202
957 809
663 812
23 198
863 521
739 567
385 624
454 566
826 493
424 613
367 975
189 443
741 254
65 885
483 194
265 411
449 470
493 664
431 354
930 415
699 710
132 205
575 123
190 991
673 487
415 830
496 166
919 638
901 159
354 220
271 427
966 914
350 144
443 542
423 732
869 636
946 395
556 42
639 618
341 435
566 692
736 859
904 944
113 316
938 807
151 182
2 607
821 618
117 461
210 545
321 728
268 449
584 14
594 699
773 536
883 765
585 900
349 27
171 807
597 821
653 67
857 728
878 542
642 500
684 607
178 166
25 494
316 315
786 659
916 831
586 137
624 332
789 500
192 504
865 115
747 150
876 562
850 817
572 859
68 809
741 636
319 426
376 244
799 92
802 976
548 220
864 25
537 101
591 222
632 37
633 460
393 701
357 244
45 343
126 446
20 107
962 396
985 981
833 655
91 86
128 476
994 797
849 6
927 623
34 778
551 819
395 294
898 867
621 683
694 793
623 173
790 984
882 89
167 187
99 321
661 561
648 880
367 592
406 576
801 182
15 244
94 343
277 989
77 539
834 182
619 692
35 775
416 771
380 151
459 935
407 223
658 123
737 530
167 243
701 183
903 799
283 450
628 940
916 822
919 209
504 220
191 858
721 312
14 705
438 894
176 825
89 561
843 488
718 708
835 189
762 264
231 127
412 827
73 101
184 970
358 70
548 18
172 576
236 614
385 755
44 305
82 124
62 958
305 219
269 576
495 152
576 378
177 862
49 222
819 910
186 17
149 139
758 641
412 44
55 369
239 20
242 856
116 833
58 325
210 943
162 657
492 656
225 735
834 679
564 588
417 45
940 319
661 559
836 376
432 622
911 334
507 141
734 807
788 251
223 294
812 257
885 981
838 769
413 330
255 913
458 629
39 400
282 647
319 864
658 298
977 992
186 938
601 780
801 338
678 952
91 638
990 894
522 668
493 909
191 523
584 941
382 718
611 500
151 137
8 233
691 428
892 507
51 13
402 417
644 278
882 777
748 218
74 505
239 801
679 516
424 8
353 166
897 950
467 170
653 411
343 967
865 323
558 798
80 809
652 359
141 230
680 104
628 678
349 67
315 223
978 373
46 374
173 149
619 109
583 462
197 31
188 822
944 700
338 964
917 486
90 708
749 883
718 450
21 146
660 881
776 697
172 482
504 498
603 526
675 397
785 573
932 292
182 143
898 372
427 882
996 631
982 725
962 675
266 250
556 327
550 846
241 594
205 503
789 127
579 10
849 172
868 664
890 944
245 839
46 904
988 785
149 146
873 196
466 797
138 146
674 32
60 839
426 169
337 882
467 959
599 126
731 430
967 17
313 249
422 437
653 731
869 276
137 43
342 124
643 849
511 543
510 934
173 898
657 573
749 207
659 27
952 15
169 875
904 146
373 715
869 758
657 974
530 340
787 191
522 688
708 731
341 414
135 469
679 458
478 25
302 299
529 293
89 478
911 663
218 762
737 602
376 97
166 362
776 138
210 570
669 577
286 895
586 289
925 872
231 161
412 605
141 185
625 414
813 647
33 171
576 21
80 932
338 184
547 436
819 699
418 736
419 9
58 331
535 207
22 486
391 215
837 35
949 665
70 402
908 338
894 63
571 8
370 459
85 852
966 619
348 310
59 845
504 817
758 713
180 751
769 94
863 874
722 150
890 980
195 42
733 566
593 131
495 295
868 771
523 216
158 205
217 663
589 87
748 696
988 539
864 553
928 310
582 999
109 387
460 848
43 797
100 858
52 997
894 804
757 181
263 929
359 588
640 664
643 18
425 216
208 634
652 747
511 344
288 290
363 294
883 248
570 696
511 998
41 46
204 974
387 218
670 759
361 777
79 659
250 239
270 578
605 472
951 716
353 95
157 839
130 57
785 330
879 926
644 667
520 905
559 360
780 75
230 406
842 284
241 943
819 516
548 78
966 693
775 849
101 284
266 803
49 177
505 983
641 341
453 415
201 462
609 473
992 463
663 764
99 843
689 97
104 671
102 958
343 709
479 982
408 95
101 254
873 109
512 341
766 224
676 712
79 16
628 193
538 745
81 2
431 946
652 72
555 294
901 318
280 264
708 200
208 866
351 280
134 310
303 485
790 33
677 744
56 158
458 606
367 994
522 903
118 428
893 438
220 768
316 967
464 722
946 586
564 173
277 919
768 442
554 391
630 623
84 458
583 784
913 300
491 312
222 440
260 157
83 530
892 464
749 441
911 862
994 416
888 931
984 118
89 278
36 779
240 934
111 757
44 750
406 397
905 546
579 663
340 385
892 694
291 863
297 434
173 287
466 299
321 596
393 385
947 264
749 620
254 346
685 388
888 752
61 426
262 281
27 742
140 63
672 197
314 774
429 87
345 932
220 124
150 339
922 232
923 593
463 264
361 434
604 282
144 344
589 586
571 812
186 175
295 451
928 980
693 732
510 380
737 296
360 261
756 483
974 94
668 797
394 242
638 971
513 104
720 436
792 33
77 105
974 457
722 350
46 988
285 124
12 660
949 149
937 693
954 893
663 855
651 823
467 930
211 780
904 989
9 251
119 240
928 271
692 344
251 952
576 955
167 350
404 12
327 404
113 8
455 508
32 18
658 442
392 667
863 503
132 21
635 124
156 947
23 431
967 85
847 899
558 722
902 704
88 920
967 490
442 659
743 579
242 434
620 398
363 127
878 562
411 261
162 901
434 926
697 988
518 786
925 820
883 610
370 883
847 455
153 239
740 789
88 468
790 109
884 376
606 177
230 94
380 559
839 752
71 650
422 780
957 613
245 691
930 71
231 832
159 395
953 562
1 205
111 798
183 253
556 377
484 428
654 814
552 720
92 185
936 591
722 32
264 752
524 366
678 862
70 25
453 760
113 543
846 65
323 4
971 656
910 587
937 768
518 231
591 439
759 593
391 711
588 415
73 958
807 255
246 575
324 521
971 510
332 44
8 330
461 400
63 428
411 647
640 415
125 611
364 733
551 75
419 996
441 668
328 23
778 293
825 980
986 128
345 56
535 951
704 882
905 190
445 237
810 872
913 873
921 880
351 135
160 466
87 649
734 348
520 82
981 237
359 265
584 857
329 334
700 331
402 386
761 339
602 613
731 779
917 966
259 164
118 963
365 831
338 240
314 732
425 733
395 821
931 839
204 488
53 973
537 764
729 449
166 676
857 564
616 887
755 260
567 808
79 242
689 154
799 360
304 248
620 950
162 762
441 433
116 117
924 783
908 339
656 508
562 6
453 442
400 570
935 618
385 138
646 142
337 145
67 312
323 962
305 371
954 96
116 779
724 586
998 345
727 373
699 678
992 258
725 788
137 283
64 789
488 33
806 303
345 600
309 61
937 892
755 229
77 49
977 99
65 553
350 891
703 978
651 895
838 831
881 280
902 978
111 359
761 834
834 910
906 259
583 521
401 329
113 71
919 523
99 436
65 228
429 398
911 935
323 663
520 272
973 426
924 210
319 520
838 616
877 122
147 891
813 806
464 533
608 807
981 667
985 85
635 979
934 174
898 183
403 594
31 53
479 327
541 456
875 386
714 780
148 938
477 930
633 692
905 517
198 4
218 846
98 424
981 483
645 604
960 162
871 436
328 41
908 380
20 578
663 424
791 215
315 6
887 910
912 84
714 448
573 411
956 261
405 505
72 966
303 191
820 459
764 717
400 550
257 476
738 687
133 673
357 67
214 436
175 950
543 379
843 113
910 877
551 860
110 244
458 893
115 350
640 57
454 641
626 878
594 543
938 306
811 192
741 143
427 315
53 141
844 136
792 275
354 412
545 109
229 972
801 219
638 616
717 748
479 116
544 291
892 243
144 721
159 934
952 200
554 388
900 168
593 682
125 55
16 533
114 542
670 577
161 567
218 512
662 593
536 677
791 823
577 79
201 883
255 384
425 891
212 85
359 422
640 818
572 309
739 348
596 179
10 826
562 511
174 9
468 302
239 749
480 244
499 656
282 438
107 439
576 94
64 354
796 595
175 534
162 691
148 386
352 45
723 14
852 362
106 116
250 120
989 303
992 125
672 847
803 55
296 42
343 71
691 454
112 907
167 789
427 1000
484 239
25 725
826 222
275 332
721 964
618 379
9 280
945 708
746 436
927 956
868 829
345 400
305 812
940 354
574 547
613 7
299 67
161 38
459 512
456 720
378 443
968 513
463 405
937 598
445 855
47 903
624 526
414 690
325 140
535 914
830 122
100 787
786 132
22 690
982 956
464 590
602 364
929 756
514 794
640 577
164 391
554 11
649 789
619 547
251 487
342 530
593 944
904 933
482 145
322 582
931 588
159 688
730 909
981 298
736 611
990 184
59 502
481 185
891 533
140 77
184 889
595 281
266 567
583 456
676 254
456 409
384 470
404 921
478 526
227 778
590 337
90 706
78 696
576 297
723 42
947 577
440 878
910 375
349 660
576 344
546 416
124 660
710 759
659 643
966 525
720 627
29 647
158 53
529 711
54 250
256 45
314 351
208 310
81 56
807 817
569 484
884 428
81 73
254 28
394 358
248 966
100 175
547 645
752 657
823 624
869 274
996 725
622 186
894 959
91 958
898 984
406 927
925 433
711 384
731 334
697 466
290 904
616 158
14 67
374 45
817 539
322 392
948 372
731 620
256 806
277 644
888 877
900 866
619 527
457 256
667 437
253 758
721 384
121 92
681 386
277 471
794 163
5 350
101 691
192 241
780 466
965 986
10 345
880 814
10 581
921 3
162 648
153 123
581 155
68 354
100 992
987 604
568 874
205 695
277 26
996 646
66 816
949 520
552 318
557 51
780 790
58 26
495 67
423 294
357 46
33 360
987 235
846 162
542 187
102 754
730 699
582 680
147 337
294 416
200 145
872 328
104 978
603 40
949 204
254 664
76 360
833 82
904 451
850 643
134 328
570 770
219 336
682 856
241 184
260 502
160 162
842 100
252 280
26 399
221 839
359 746
152 518
228 273
160 17
804 858
569 187
168 545
856 649
31 658
365 313
187 953
350 151
9 400
136 489
282 782
450 552
418 308
765 809
514 629
730 746
718 973
274 666
757 873
387 73
706 697
114 812
334 581
705 375
563 81
922 709
452 752
86 699
438 935
592 519
44 554
192 221
747 109
804 508
954 449
239 569
766 437
324 232
628 446
349 683
630 210
409 878
466 568
889 959
767 954
609 328
457 555
557 168
595 781
190 467
484 244
211 532
927 842
819 853
862 373
343 19
823 869
371 858
279 177
495 325
6 464
599 947
159 754
626 879
510 770
7 574
122 574
621 680
599 77
137 97
947 688
33 176
244 824
270 135
699 743
114 317
578 492
320 588
265 261
605 965
878 331
26 589
522 630
562 523
320 162
32 214
341 340
183 561
131 138
792 720
918 433
329 944
389 590
781 380
70 909
400 153
187 675
739 642
933 402
257 593
535 418
495 737
60 2
26 158
304 468
781 94
288 669
18 522
704 21
203 894
316 363
27 760
140 57
295 671
187 510
653 139
563 843
983 594
235 266
897 771
326 999
899 333
25 120
887 770
671 977
89 833
491 565
149 39
776 879
871 782
250 820
271 628
647 744
793 236
298 562
23 675
428 177
30 133
418 123
256 66
229 43
86 684
33 272
608 172
574 593
629 522
937 421
834 970
476 39
640 350
167 122
156 457
564 510
894 561
533 325
851 21
669 133
707 494
559 716
185 280
811 444
578 321
946 669
708 972
35 966
142 942
189 337
737 107
312 676
123 469
536 996
187 880
369 885
446 755
32 131
360 624
109 875
772 497
895 945
515 767
994 66
667 424
304 658
857 970
379 750
737 684
130 306
853 382
1000 990
363 14
596 208
576 353
121 48
874 414
213 512
500 89
861 180
696 265
115 526
527 460
779 609
909 798
162 613
163 388
640 643
349 497
372 22
653 281
803 244
642 42
524 10
183 217
33 609
457 897
940 986
563 581
414 49
417 371
291 262
993 928
794 691
484 317
772 109
361 206
733 958
203 671
628 148
774 224
780 593
699 311
295 84
898 487
137 580
360 1
345 499
53 34
847 918
293 627
920 995
884 140
410 973
177 974
930 260
74 866
897 501
635 847
337 640
294 246
904 262
543 993
341 185
803 844
806 157
937 941
683 226
190 950
731 23
564 103
680 636
471 955
671 357
43 720
527 130
566 684
914 69
56 293
455 359
353 485
23 112
155 43
874 833
623 666
554 895
397 86
22 953
494 874
815 116
191 782
912 317
397 187
71 292
737 712
523 47
191 927
286 653
551 821
409 198
933 15
758 768
939 998
297 682
483 991
27 593
489 178
205 694
889 817
301 227
617 70
289 763
327 871
606 630
220 469
225 457
105 115
730 879
667 655
281 504
716 996
525 144
789 912
43 338
760 800
392 474
621 929
788 3
54 374
484 588
78 376
778 18
764 879
472 599
316 728
730 986
555 221
618 631
512 136
473 476
971 365
20 407
498 953
82 824
160 18
252 648
824 121
492 159
511 653
280 383
132 88
467 555
765 966
201 635
420 979
562 612
299 598
685 421
909 273
235 852
416 874
614 848
827 782
839 225
539 173
794 153
900 266
832 192
26 187
979 275
157 979
818 943
987 876
435 453
292 90
330 277
853 679
927 352
699 257
774 733
886 356
484 176
282 451
46 408
305 34
306 509
14 954
908 482
880 553
37 716
336 139
25 12
283 836
713 159
698 813
98 861
745 270
907 43
674 274
413 830
223 787
937 956
77 241
778 212
802 360
676 715
661 121
446 490
206 798
928 356
712 191
342 366
971 602
669 271
742 975
926 134
621 534
986 166
636 262
115 879
864 601
276 831
764 226
782 449
177 790
665 521
358 806
661 573
83 825
172 670
894 839
63 530
338 793
959 905
511 822
9 664
40 802
352 628
957 41
210 622
725 61
843 142
300 643
791 447
411 314
969 372
566 950
737 752
534 457
978 762
979 303
361 516
924 42
325 97
474 813
571 393
183 839
700 83
991 572
760 446
776 419
939 913
454 772
59 202
561 268
687 452
582 154
71 675
771 889
295 623
656 439
508 418
35 50
272 416
77 435
119 792
121 599
429 374
819 914
785 742
346 436
257 397
711 965
147 426
241 571
862 871
295 290
694 44
931 298
860 348
627 123
699 838
828 930
625 35
154 721
998 502
507 457
287 543
401 612
328 708
590 156
6 445
671 421
30 311
273 546
660 970
402 838
721 172
260 312
81 269
962 142
963 891
178 737
358 883
342 84
143 109
517 848
510 910
518 427
939 130
816 599
851 459
48 545
364 779
757 748
833 308
571 843
742 676
817 883
865 667
94 311
811 349
333 913
47 231
36 628
566 856
739 15
577 184
74 394
144 989
74 402
917 830
148 917
117 272
852 869
964 985
743 585
359 375
335 748
878 561
93 263
131 118
923 242
47 426
354 788
178 7
205 990
69 426
709 350
236 873
88 296
586 491
445 289
362 714
5 883
745 650
333 32
88 471
654 175
609 203
257 862
240 562
921 247
724 236
945 201
918 471
605 63
129 388
836 885
694 383
76 642
149 58
484 431
391 909
505 908
487 548
245 799
555 564
719 841
851 449
45 266
91 82
620 642
567 389
436 697
864 180
292 677
412 608
394 149
161 230
915 973
732 263
850 778
90 183
678 335
863 528
93 165
205 166
464 480
122 516
104 7
843 556
707 461
358 799
967 903
271 188
240 470
845 359
846 512
100 162
527 495
4 749
218 309
256 538
995 215
407 317
155 268
998 990
877 39
885 778
648 155
482 81
446 748
178 886
911 866
346 512
455 358
613 590
781 306
237 240
108 10
1 832
313 810
615 597
956 943
577 422
563 119
325 168
805 158
787 639
295 832
791 95
995 736
654 461
749 561
71 581
398 655
383 375
19 854
576 105
261 961
98 741
151 365
83 11
598 702
966 306
736 367
650 138
480 45
105 128
288 932
220 39
921 124
405 83
478 891
462 28
671 936
504 274
33 524
380 701
244 232
78 44
813 71
634 304
270 706
625 943
112 838
974 106
135 492
216 912
234 441
950 19
879 427
955 395
210 446
711 802
826 863
324 330
968 394
349 777
871 644
51 751
381 408
932 792
902 176
477 486
124 126
954 675
489 880
830 470
134 473
346 851
882 897
994 711
920 670
777 59
321 151
167 593
108 313
878 429
644 301
288 928
406 552
652 784
29 463
782 183
161 703
515 536
164 586
939 488
344 259
692 160
913 213
911 838
535 698
577 96
447 673
887 327
763 349
305 613
160 352
469 474
348 541
238 995
58 934
260 618
925 840
692 629
197 433
605 468
128 728
585 792
1 511
681 269
115 969
477 242
79 34
995 621
979 112
956 425
49 459
124 905
194 285
197 211
418 768
3 422
461 862
686 105
724 804
231 820
913 563
291 483
275 998
37 715
352 243
25 19
478 855
120 143
120 254
485 10
894 430
931 160
864 141
59 877
778 213
707 841
391 874
418 24
103 604
94 909
224 667
410 864
571 778
245 996
120 77
873 459
543 757
161 31
310 632
151 700
209 363
856 986
998 565
233 637
985 201
133 98
176 202
621 824
401 298
739 820
207 746
613 851
749 147
623 398
437 525
652 820
104 396
565 257
471 866
368 1
313 640
460 497
703 439
463 946
100 600
675 890
602 262
431 208
164 860
246 88
678 115
130 701
919 383
689 650
146 971
746 234
767 337
161 933
74 462
147 478
228 992
303 899
100 702
338 540
892 690
641 856
142 447
383 41
598 516
784 832
468 297
495 592
791 135
461 608
871 469
893 637
509 372
511 474
940 722
573 855
580 633
306 414
235 268
40 270
262 381
463 276
973 76
699 10
137 997
174 456
556 288
449 166
582 468
620 671
328 999
664 833
348 506
189 826
336 274
100 331
594 348
944 209
928 694
525 620
416 410
822 22
593 190
495 490
927 943
997 84
40 88
48 373
696 705
414 772
508 103
608 285
920 905
690 783
195 375
401 500
975 850
621 650
432 754
321 443
20 473
204 78
636 737
234 949
695 704
679 255
223 195
904 251
688 530
27 809
553 660
46 247
722 817
405 837
570 653
791 743
776 4
230 903
749 409
161 976
681 137
687 935
908 912
691 32
359 374
398 918
972 923
407 988
545 571
250 291
892 726
876 179
398 513
232 783
867 432
709 259
671 512
133 39
92 369
952 658
572 75
480 737
779 611
379 903
840 403
502 718
794 108
758 853
492 175
466 45
139 145
215 490
832 925
609 59
636 614
242 516
404 779
261 654
832 838
816 379
998 87
231 892
270 884
896 419
492 956
112 716
612 989
42 390
154 993
673 117
486 266
736 17
366 844
480 735
372 421
858 59
581 855
140 611
380 888
417 226
438 344
612 563
354 799
171 447
134 65
686 498
84 871
980 779
42 672
522 150
744 282
67 15
911 312
114 14
99 702
25 519
375 213
394 500
897 459
792 223
226 551
32 340
584 641
267 735
234 774
616 114
235 588
165 361
427 730
997 617
373 726
49 768
696 65
222 485
829 323
633 578
445 90
583 980
51 255
291 684
900 498
173 560
809 56
444 5
338 512
193 259
526 511
880 67
420 238
277 611
485 758
406 73
27 900
895 181
91 297
255 736
987 691
219 557
330 334
519 560
666 484
940 523
316 301
654 637
801 927
535 202
166 811
188 983
432 676
819 559
548 87
396 292
110 672
475 357
681 562
993 224
489 65
955 167
613 408
637 258
341 709
927 194
107 559
953 451
858 448
474 457
510 523
674 494
267 908
346 143
953 157
722 290
769 371
897 422
94 688
369 503
920 961
977 240
686 744
405 784
811 105
440 755
233 529
100 839
997 479
160 20
930 520
513 528
511 655
293 472
226 813
890 260
49 812
800 996
714 598
877 10
536 990
740 262
291 584
633 719
151 204
905 440
250 121
658 160
164 297
147 605
869 856
1000 905
69 340
640 810
123 561
369 750
44 662
596 155
227 536
374 345
446 890
453 70
643 42
681 483
679 856
956 35
280 516
745 688
547 454
69 118
987 671
496 582
499 297
814 48
705 77
899 617
175 638
35 139
989 86
791 956
88 883
774 610
331 788
426 756
580 405
233 262
430 936
362 930
485 254
242 588
334 4
859 743
291 371
384 191
183 289
115 151
423 374
294 529
90 987
343 447
915 550
953 479
176 128
485 154
83 286
859 901
737 481
174 971
906 126
466 512
961 748
767 645
219 403
928 393
803 603
588 419
418 423
377 890
77 930
156 279
854 378
198 766
595 638
976 20
905 24
483 228
322 186
488 334
52 87
593 43
882 930
946 583
968 711
398 238
420 610
741 115
26 729
527 535
502 34
341 480
179 509
610 939
817 547
50 370
730 496
143 719
826 975
45 557
515 789
883 879
476 431
192 30
733 208
984 490
74 246
373 194
442 333
153 790
488 643
430 234
487 463
296 778
824 972
625 699
475 316
775 803
443 218
743 111
802 927
586 806
749 794
855 860
712 959
922 356
100 249
853 780
965 322
931 206
720 651
387 768
251 627
286 22
254 874
178 741
600 660
562 217
869 24
409 538
402 821
573 976
688 166
656 900
396 281
128 301
916 446
129 516
406 772
685 519
744 221
433 986
929 61
476 984
706 137
691 615
658 292
414 694
570 936
276 563
743 779
963 667
613 623
952 232
627 550
528 855
850 158
527 171
105 816
808 487
825 463
481 257
722 961
338 650
342 534
985 489
795 144
852 871
389 687
601 417
269 73
911 558
917 941
535 338
994 48
600 103
156 733
583 166
644 252
829 226
631 698
121 53
968 436
140 73
32 578
844 929
120 891
84 798
755 547
990 478
755 844
560 531
196 327
513 387
892 628
81 897
707 597
814 987
647 188
306 530
127 702
310 56
10 286
176 106
619 286
182 48
116 828
29 643
620 764
881 900
915 323
955 353
464 196
266 454
471 387
599 738
550 231
946 971
86 830
233 794
142 764
664 124
739 512
959 15
764 181
546 96
234 270
198 695
808 903
879 228
636 511
878 661
346 893
687 518
337 534
708 547
341 70
270 703
928 125
268 758
269 139
217 234
689 498
353 506
351 787
62 450
763 179
765 769
70 953
923 35
541 400
231 334
126 608
409 621
884 532
387 510
500 285
429 871
123 574
700 422
559 493
407 848
786 681
818 25
446 814
50 239
912 222
37 499
3 894
724 147
861 921
123 796
841 89
29 229
420 193
597 636
600 272
180 800
148 326
813 52
889 822
529 901
289 760
606 629
920 262
81 894
44 134
928 785
980 586
944 165
440 747
96 349
43 454
153 266
181 348
474 470
665 359
358 588
825 873
916 16
976 241
288 555
599 939
712 277
604 771
649 260
264 870
692 366
57 177
683 37
650 166
535 718
178 679
450 896
844 240
845 265
114 277
632 682
463 698
47 955
322 198
380 432
184 155
493 879
21 808
709 847
583 810
219 269
632 904
620 301
17 414
936 372
481 329
448 62
69 450
910 136
490 681
917 884
779 747
630 28
170 982
525 160
925 838
115 602
280 517
667 179
45 891
836 538
999 254
488 680
951 379
581 234
653 205
50 866
123 824
841 117
415 46
606 823
648 548
296 702
486 241
325 317
555 848
628 442
666 155
426 644
542 622
300 109
945 96
822 494
868 5
883 236
167 671
79 499
137 600
580 180
450 433
569 573
401 851
309 378
368 778
37 811
243 250
396 134
393 823
106 334
713 510
589 275
898 600
992 291
242 958
628 50
543 358
584 109
934 733
287 548
751 3
879 62
38 618
155 906
526 687
907 667
128 322
627 446
837 871
555 58
61 685
613 960
262 652
621 309
68 587
159 796
716 463
442 277
481 538
134 586
947 805
859 497
434 372
282 588
799 929
618 776
565 271
751 564
899 637
741 738
1000 712
909 306
549 795
87 844
329 440
883 961
792 459
4 128
373 943
65 406
219 814
726 877
140 320
351 96
790 827
630 201
499 633
556 606
627 583
123 963
473 618
921 510
170 970
296 565
925 810
796 569
267 301
839 629
328 301
755 582
519 264
131 842
633 38
186 812
713 94
128 964
523 679
509 996
277 368
797 919
335 968
158 947
672 853
702 780
650 683
851 294
375 572
357 17
488 832
310 137
392 518
393 851
30 24
640 252
452 330
660 247
219 65
661 154
413 856
259 822
498 56
928 551
266 434
641 198
181 5
453 800
203 981
78 439
309 359
705 548
405 702
813 544
982 200
488 284
990 583
304 826
556 757
868 39
227 185
389 234
601 52
446 405
752 584
952 122
301 559
494 385
959 857
655 112
913 144
721 476
170 362
912 567
434 295
305 618
255 333
200 989
40 882
259 400
354 14
338 651
601 55
675 792
514 638
169 419
49 623
140 356
666 748
683 582
633 887
475 944
965 848
469 513
680 960
257 945
809 252
174 851
61 343
118 872
468 335
370 877
80 959
390 518
27 728
307 763
122 669
456 414
847 114
408 289
763 835
540 235
619 384
286 337
659 793
846 239
811 562
684 993
817 101
362 778
236 871
77 293
993 932
922 488
447 439
293 797
185 892
93 539
370 128
307 657
824 549
695 354
349 802
759 559
278 114
302 916
33 417
854 459
144 241
163 546
403 19
410 969
859 234
309 79
881 374
593 442
782 742
856 916
473 619
358 786
808 791
971 325
882 920
366 377
955 812
351 495
463 673
997 441
714 673
380 429
473 117
290 901
230 839
187 912
350 188
763 197
981 6
288 285
577 288
844 258
424 461
649 820
636 956
875 412
770 512
829 35
776 177
783 16
155 220
760 443
268 469
783 470
115 720
830 759
649 534
615 679
211 229
1000 830
840 723
487 437
71 433
623 900
726 334
26 210
726 631
680 75
295 722
116 349
672 575
417 576
953 886
74 378
757 468
392 805
206 295
175 725
326 547
384 294
367 317
764 679
271 571
129 22
179 518
820 736
298 758
523 464
803 323
436 664
24 26
696 524
309 7
111 143
318 303
67 237
321 295
687 745
806 576
518 84
6 376
891 360
893 314
307 907
657 569
146 375
77 781
234 888
952 67
327 453
973 467
8 507
890 403
268 949
765 593
772 485
410 407
422 170
762 713
84 445
531 7
517 439
348 676
523 746
411 52
967 27
143 757
847 577
207 422
388 268
434 630
801 637
658 158
827 765
459 657
153 542
692 961
841 393
145 386
520 710
900 758
499 525
500 370
562 469
38 46
50 1
982 926
841 282
236 340
84 435
538 952
540 444
634 451
763 557
607 500
423 608
71 699
438 218
115 891
559 742
211 332
693 848
505 623
969 152
267 98
495 140
81 968
98 998
889 977
916 570
12 314
480 317
283 104
186 5
738 566
854 956
603 764
90 985
586 994
327 980
864 38
523 31
923 793
516 855
548 286
310 861
132 597
906 124
447 92
74 319
125 850
971 606
627 16
777 319
885 840
248 737
229 788
413 461
821 496
474 205
42 265
970 271
725 532
726 778
194 220
270 281
329 867
444 606
365 101
4 845
652 602
375 12
769 639
384 539
539 577
314 145
298 177
153 623
730 220
144 727
95 34
928 55
657 911
530 151
397 396
904 32
482 20
134 885
376 970
133 646
964 940
255 313
627 172
169 70
373 942
90 297
434 98
930 895
678 193
767 518
299 852
853 357
52 811
491 236
844 552
41 813
541 712
639 229
508 873
491 893
657 356
201 32
258 425
419 541
747 221
486 3
324 186
549 303
914 732
702 612
426 726
324 201
201 258
537 472
96 56
49 214
976 551
759 804
499 210
543 39
656 329
129 207
811 793
224 715
99 937
798 243
671 131
608 161
898 573
648 728
545 370
488 127
401 600
974 323
982 615
33 117
821 468
159 733
453 944
437 475
308 40
311 923
471 438
80 828
750 318
274 27
350 822
441 762
540 770
322 271
948 239
52 932
473 137
442 952
773 900
482 73
599 406
715 189
313 673
647 892
464 979
206 556
178 176
403 769
61 229
671 636
857 436
490 369
571 568
274 622
991 655
773 600
110 937
497 98
563 829
658 539
8 371
707 710
343 658
913 623
880 998
20 759
2 902
975 473
561 445
618 166
146 829
216 502
258 687
770 306
828 636
133 594
940 102
337 63
564 778
980 679
371 345
571 278
803 422
93 538
376 530
711 826
790 57
235 291
1000 167
873 191
621 585
882 183
789 857
4 743
663 880
405 608
464 484
67 129
820 833
547 651
511 918
697 250
146 272
38 770
555 244
285 891
515 216
551 64
554 292
368 287
846 516
338 955
894 168
284 53
694 584
386 581
388 11
905 167
49 773
70 669
255 659
840 314
649 170
805 471
452 683
865 532
317 157
834 361
451 919
639 462
261 763
183 628
236 419
575 514
154 362
100 738
515 879
138 374
478 291
425 693
619 803
857 858
552 232
952 706
41 869
614 538
249 906
362 171
118 740
728 856
286 400
857 628
969 18
555 985
623 156
990 440
595 424
372 119
874 145
231 780
352 980
845 528
205 689
7 511
263 17
672 798
451 241
182 72
348 159
386 53
797 606
135 91
871 845
354 847
832 579
10 131
413 198
785 819
608 250
94 917
725 797
797 352
318 536
48 417
941 705
161 119
954 828
556 920
460 5
262 791
812 705
426 4
284 490
165 441
898 950
812 592
744 934
686 969
892 230
554 427
368 394
740 434
8 75
688 733
230 864
317 241
657 930
394 856
752 480
5 760
769 828
661 774
244 644
613 541
305 520
561 399
61 75
908 964
670 767
416 734
130 324
113 388
351 902
861 981
74 57
705 329
245 48
675 982
433 142
553 173
488 215
188 144
465 637
687 190
235 151
951 373
404 1000
991 596
782 529
884 959
583 241
153 89
427 598
300 216
233 267
110 579
757 344
101 260
712 887
324 101
399 597
127 624
101 149
785 654
453 552
627 245
572 690
702 737
868 713
40 740
797 723
51 817
712 85
552 970
399 363
755 89
702 624
977 55
25 930
997 60
67 59
980 751
91 161
833 656
872 426
1000 255
621 529
712 307
507 401
273 569
826 338
122 568
792 94
119 149
472 854
75 467
256 599
25 561
402 144
114 646
481 649
794 171
437 954
973 728
584 777
607 23
991 500
795 137
961 161
340 26
17 9
364 224
383 68
826 957
799 598
122 478
396 171
895 249
696 417
467 890
278 67
800 463
766 622
330 306
296 894
178 382
913 753
269 870
426 836
245 310
905 917
802 555
71 542
792 287
258 345
171 223
67 243
335 805
780 246
407 733
163 204
258 712
838 853
405 5
941 470
306 847
458 934
148 94
464 219
281 443
319 215
780 939
626 51
720 428
294 403
821 418
565 941
707 468
321 305
696 803
218 171
372 944
734 590
165 379
114 347
649 60
333 571
229 634
659 119
511 832
421 168
691 262
550 255
143 703
165 83
402 263
701 353
540 33
888 967
389 684
411 364
505 121
362 402
89 378
914 381
754 636
97 839
909 962
904 827
537 639
784 928
351 74
35 358
93 36
387 901
439 472
827 89
28 689
841 162
665 102
954 387
594 922
385 964
89 822
163 27
55 25
148 429
78 891
426 715
963 480
301 249
49 96
286 343
569 921
879 700
314 4
816 206
245 556
525 682
859 800
452 138
336 355
585 272
34 246
253 482
272 687
58 240
612 575
6 112
941 331
217 529
150 420
897 301
263 496
301 701
376 630
656 596
643 954
975 909
194 146
341 865
911 181
548 721
109 261
104 155
172 981
360 805
56 94
612 115
562 792
155 658
191 368
971 212
535 975
57 884
262 387
203 336
910 401
971 165
576 563
230 598
61 949
123 356
225 598
649 826
389 639
819 198
86 475
319 736
274 689
499 898
896 936
187 737
350 367
23 95
580 776
908 775
947 219
558 835
922 724
503 229
936 215
22 12
261 972
500 62
83 14
63 962
534 171
221 228
974 802
561 335
245 750
12 129
196 422
380 587
362 74
620 473
400 675
755 689
96 114
303 863
217 620
482 888
803 103
326 688
845 992
457 935
793 61
996 540
707 963
727 412
894 439
400 577
93 716
958 592
63 820
990 255
323 91
859 957
436 666
720 485
704 654
376 634
587 791
362 526
313 66
510 745
80 98
947 556
251 907
124 123
203 876
789 749
405 756
503 17
765 766
267 767
513 763
346 860
809 604
136 178
692 399
566 608
274 96
900 188
778 592
943 382
503 311
435 15
716 132
458 148
574 62
80 430
479 318
847 457
619 595
505 215
468 973
341 441
770 627
476 592
244 564
905 444
989 782
50 477
655 328
771 327
575 545
280 630
925 978
415 356
17 189
329 227
572 297
331 605
303 723
431 802
988 473
680 922
588 515
97 248
336 848
745 692
653 121
984 304
893 636
552 84
92 309
371 558
297 639
335 211
46 418
784 7
625 659
275 892
244 31
875 855
841 971
862 595
295 470
577 961
871 227
999 302
522 505
399 836
500 679
817 163
345 738
362 832
989 485
756 400
924 676
9 93
565 694
840 107
34 62
328 863
205 7
775 255
731 195
725 929
66 382
642 707
333 308
98 549
119 231
946 865
432 715
308 86
881 316
901 455
904 373
890 414
216 429
255 628
369 241
668 357
541 17
533 983
290 971
912 718
74 745
806 46
256 886
631 31
620 268
527 192
895 922
456 937
862 209
717 722
464 202
482 133
231 258
300 158
972 480
41 130
481 611
895 248
364 368
240 814
59 482
28 575
982 952
272 105
218 989
292 100
6 702
210 797
452 866
860 792
358 385
719 172
6 585
942 133
257 117
799 260
286 489
966 383
920 419
168 568
230 58
250 716
244 482
872 971
968 510
107 602
197 1000
557 116
150 586
907 77
859 884
876 814
721 875
845 940
262 35
889 717
410 734
877 147
731 190
694 38
343 204
608 284
979 572
623 555
159 590
953 217
241 579
225 838
530 193
764 173
565 940
555 138
763 153
460 78
459 142
208 910
27 450
962 59
194 81
583 713
622 17
380 388
940 620
627 701
85 169
530 358
514 867
159 898
863 510
847 997
242 500
530 119
838 680
341 384
515 599
218 637
645 216
204 952
388 311
652 676
563 323
925 632
639 468
144 979
142 322
805 386
184 436
869 183
84 213
892 636
199 772
149 543
352 645
957 440
72 516
514 423
403 880
867 439
779 521
502 462
844 989
150 42
80 946
248 180
671 668
783 770
736 345
112 483
634 360
173 28
997 8
969 197
353 888
300 161
157 552
267 40
881 862
285 412
970 761
37 654
814 846
121 629
125 69
680 430
694 147
460 680
437 234
845 221
137 742
634 812
393 844
525 907
677 996
15 717
963 34
574 488
599 899
450 150
693 330
994 987
691 937
319 936
176 426
565 896
42 463
557 540
464 373
918 661
947 576
730 112
588 374
590 412
313 368
869 363
854 17
90 322
588 197
234 695
354 207
924 199
269 310
308 300
921 895
207 606
597 226
138 687
287 260
763 183
913 124
734 468
529 215
682 307
347 339
575 524
619 916
241 244
984 55
782 878
363 82
787 532
187 736
313 925
279 176
136 674
391 410
61 577
286 756
344 773
110 984
933 339
58 639
929 26
573 172
386 54
975 232
433 29
980 146
731 402
625 613
97 76
408 401
796 636
233 412
715 643
676 26
992 780
339 360
927 427
140 847
839 719
474 513
915 672
298 610
461 918
760 952
210 297
102 795
105 5
267 818
984 768
324 289
629 602
742 843
559 771
980 820
488 42
967 690
668 242
772 940
792 98
42 641
774 86
959 478
198 772
829 958
228 59
428 549
125 941
588 267
934 283
772 706
220 903
191 382
412 209
566 502
647 531
869 655
337 630
900 189
792 478
207 653
911 991
182 965
274 496
757 607
942 916
724 847
450 721
184 509
57 625
958 297
190 695
502 229
53 741
790 486
238 675
558 898
744 612
946 224
141 66
507 654
204 678
377 665
965 789
546 828
602 864
770 180
429 757
463 393
619 47
396 374
969 12
418 794
222 544
297 655
542 707
458 378
429 506
943 770
163 210
780 888
875 743
608 954
868 472
297 937
513 773
716 944
438 362
168 666
778 223
617 973
343 43
935 359
100 300
928 543
323 199
252 231
894 690
452 481
185 42
280 274
691 880
659 270
753 415
401 514
42 500
206 515
800 712
717 141
756 597
851 827
322 183
549 596
776 356
554 506
627 672
294 49
743 994
325 645
398 243
521 92
207 609
891 964
674 546
895 564
38 389
577 213
463 952
285 696
728 295
468 994
515 651
952 815
790 531
41 112
369 931
633 750
617 709
325 608
62 617
544 248
706 333
348 422
326 162
899 6
151 461
892 831
862 387
809 277
500 503
476 470
656 128
359 191
644 609
135 878
706 806
269 740
296 670
979 441
372 169
395 82
803 81
803 298
480 346
396 632
612 878
185 462
561 112
195 206
177 367
806 850
73 686
209 40
669 458
95 406
814 525
636 637
329 236
237 968
151 384
189 677
427 112
120 510
530 675
289 119
732 285
608 275
461 273
389 52
232 103
17 909
204 501
960 891
171 132
707 470
247 433
252 489
222 842
702 223
207 807
136 252
670 377
564 228
69 834
548 925
991 167
973 408
522 816
565 254
386 751
721 464
304 940
708 746
964 892
568 61
640 602
53 905
761 460
174 737
416 681
970 320
292 340
646 248
888 969
834 435
585 623
948 447
217 435
40 461
439 421
128 614
227 599
211 186
269 806
849 844
496 564
371 384
727 807
529 882
185 708
793 773
956 343
318 872
908 466
747 186
875 897
914 831
864 510
771 858
495 848
292 198
764 671
546 582
486 189
487 716
988 87
477 470
371 79
337 59
927 212
567 109
695 88
92 179
992 385
443 475
634 954
546 296
124 284
132 665
295 255
963 145
637 90
431 911
381 765
848 351
276 152
794 605
325 756
397 956
329 990
932 995
717 115
683 431
167 22
117 871
243 468
547 652
670 934
312 91
959 155
910 373
797 221
48 964
912 873
327 114
810 88
630 585
901 175
151 960
722 892
605 773
217 124
587 347
117 731
388 389
502 111
624 769
142 172
951 942
865 553
313 706
633 565
45 102
256 942
23 488
575 527
84 234
303 840
108 144
456 625
532 850
383 30
274 574
558 982
500 282
317 892
257 27
224 289
785 202
991 748
565 274
987 649
412 510
314 853
188 894
444 464
656 200
788 957
353 461
222 581
983 530
15 876
549 484
58 449
186 250
875 725
119 808
393 572
46 358
444 644
306 563
73 260
36 408
668 953
336 690
7 9
176 11
160 640
124 689
163 791
665 505
707 850
893 99
760 808
688 5
15 288
915 347
24 392
976 768
884 393
184 463
856 854
347 877
363 838
590 223
829 957
976 159
17 597
850 998
715 806
959 191
360 771
587 708
768 314
938 102
284 20
506 420
913 428
420 628
717 970
166 80
534 275
585 275
82 345
765 990
970 422
661 771
297 16
373 805
11 223
784 558
416 866
57 624
209 861
13 165
901 607
830 996
724 367
728 106
965 643
607 210
700 464
666 288
867 353
596 161
140 191
894 301
127 57
884 740
150 96
525 911
175 407
834 495
127 910
366 722
942 111
598 733
597 977
991 998
150 322
758 919
762 474
429 505
604 265
718 257
612 780
560 943
78 615
580 290
192 19
305 260
950 212
951 133
77 280
779 28
30 150
31 379
659 706
626 563
850 776
422 556
578 910
180 726
399 372
441 38
354 705
685 891
765 461
474 38
738 903
261 132
264 696
302 976
345 307
553 886
128 327
849 109
768 151
32 994
806 499
441 881
479 233
852 661
9 85
898 690
782 376
235 637
844 17
47 666
699 766
646 283
26 688
890 435
392 58
87 613
842 897
437 534
114 645
246 560
198 301
630 288
298 479
652 642
959 518
13 888
221 757
616 509
246 168
891 805
340 37
307 468
293 169
953 507
904 770
190 547
435 440
808 17
187 299
615 747
282 13
279 361
430 125
112 362
554 593
41 902
104 738
425 515
361 669
408 447
880 879
258 421
741 930
776 570
154 242
159 103
490 74
115 964
810 793
900 558
652 36
357 826
768 745
325 284
515 356
797 914
619 296
476 121
659 881
806 960
976 539
577 860
104 742
592 587
530 393
777 559
228 783
279 925
121 697
474 395
826 228
578 517
318 280
301 598
582 745
350 649
746 494
30 319
518 366
35 170
775 387
639 914
603 152
234 813
473 499
200 661
962 57
308 475
492 328
57 861
622 902
882 851
406 747
688 664
1000 666
307 18
143 696
644 115
856 505
673 426
201 644
143 553
869 639
353 321
905 506
834 432
191 797
22 644
17 234
456 598
662 762
311 456
404 734
966 44
239 666
644 800
203 765
166 548
743 346
727 945
981 417
123 921
767 80
309 840
308 829
331 756
893 538
451 507
560 842
144 401
326 937
275 841
755 847
797 852
712 724
489 221
396 319
219 996
257 199
774 556
189 254
949 570
880 646
885 456
610 26
599 718
336 285
272 531
720 621
685 929
135 384
121 740
234 333
822 90
788 478
57 332
242 880
149 292
630 468
756 377
264 737
691 826
929 241
358 565
215 916
971 538
650 472
475 843
42 314
668 538
906 131
835 251
621 726
217 816
401 457
171 227
137 87
48 630
30 682
225 557
19 87
890 632
817 774
568 594
95 977
901 174
731 713
273 945
511 865
368 497
518 681
944 856
192 783
320 372
873 648
469 349
566 677
398 859
867 102
410 754
729 73
692 891
216 52
568 329
398 970
496 484
478 148
689 715
13 17
586 341
869 792
847 654
378 891
288 623
790 314
723 773
413 749
553 198
629 115
491 78
395 191
303 542
550 565
844 850
889 847
541 942
687 97
584 317
756 376
328 249
131 113
387 928
889 824
1 759
980 481
75 536
992 63
955 165
310 785
564 891
837 329
16 845
101 105
918 922
251 561
12 625
915 896
404 507
668 856
464 166
82 749
907 484
945 681
747 741
437 125
846 219
487 876
833 648
58 332
542 48
247 346
731 105
398 328
886 695
565 994
927 527
877 848
473 442
647 764
119 141
899 707
167 283
47 833
730 197
402 168
791 582
527 120
730 372
880 297
593 724
888 804
669 791
175 82
707 44
363 274
71 221
257 673
466 492
338 588
781 334
654 228
714 819
566 816
681 202
44 766
778 768
857 777
281 865
60 805
473 528
19 668
576 175
575 947
624 155
662 797
27 790
782 618
89 598
793 851
339 208
594 321
68 313
879 531
475 297
180 648
750 804
936 980
352 139
577 966
694 319
78 624
183 318
150 429
637 319
15 609
785 642
128 139
592 608
755 940
189 814
390 15
379 384
91 52
443 126
347 174
771 704
774 161
775 248
154 706
655 934
954 526
90 196
60 940
601 1000
315 957
941 545
502 633
546 51
492 583
649 298
523 321
462 943
156 366
622 137
90 486
109 458
293 643
727 701
62 64
100 147
88 763
325 754
71 399
423 924
898 918
539 580
260 99
270 934
160 55
694 580
242 463
431 107
752 256
143 679
200 935
222 420
152 778
118 245
156 978
493 623
973 677
464 891
943 125
446 575
361 977
396 208
606 217
729 963
590 720
424 25
248 445
856 60
987 978
331 5
117 37
154 465
598 540
66 741
175 453
503 856
790 226
55 442
175 426
1 467
165 576
168 316
371 343
372 4
282 300
965 41
997 797
304 187
896 479
144 340
538 908
171 685
832 737
559 630
824 817
971 898
879 277
93 640
811 605
206 929
318 575
390 88
449 956
410 682
323 903
955 194
591 310
152 29
308 760
531 539
253 331
695 276
823 835
954 926
24 87
405 998
180 346
551 885
464 509
119 343
1000 223
907 701
46 859
906 383
551 91
39 391
446 415
85 197
503 218
730 10
587 655
734 562
436 145
438 753
557 727
139 926
51 378
469 215
610 983
900 119
403 697
583 1000
552 635
948 155
478 46
208 574
389 519
601 57
144 982
38 310
921 642
959 650
44 821
412 735
843 165
611 193
602 516
926 726
438 970
611 814
746 587
636 747
567 939
35 362
591 552
261 980
944 730
970 770
645 810
614 349
796 650
72 884
89 826
207 301
443 255
797 964
620 981
589 610
291 419
721 682
810 909
979 782
569 526
36 501
862 953
438 574
947 154
372 429
926 410
654 933
768 788
314 354
760 782
135 272
104 850
466 617
191 867
492 745
886 440
3 930
195 458
223 504
229 241
945 622
927 554
694 803
26 983
432 605
500 328
377 953
393 188
217 928
643 860
146 412
330 577
890 633
856 521
468 727
631 689
223 47
958 470
762 703
282 96
283 123
971 551
877 175
736 845
769 836
264 284
709 630
175 46
87 882
992 662
597 961
265 950
654 184
153 786
805 52
2 291
476 366
370 937
764 796
156 568
840 729
698 731
495 626
956 23
6 746
854 368
391 292
886 688
711 537
225 116
368 682
300 866
690 470
908 97
69 43
449 345
836 606
991 612
234 125
72 144
497 741
391 91
709 236
52 151
988 53
704 484
447 320
286 198
862 917
722 248
686 423
121 647
949 831
162 67
592 532
760 810
462 694
569 751
747 740
1 515
910 305
463 735
6 483
891 497
608 477
717 21
234 721
1000 489
480 832
526 581
416 498
397 559
735 433
384 646
591 701
65 839
748 572
789 636
587 710
221 860
347 513
886 598
192 590
191 400
599 375
857 331
455 31
147 790
242 424
830 57
688 722
798 539
69 681
269 343
703 410
587 437
291 624
537 872
574 141
614 846
118 25
264 312
446 512
106 561
568 358
627 773
866 87
259 127
832 171
61 183
335 264
925 942
217 489
26 129
196 593
753 632
809 318
315 165
758 203
151 283
581 322
876 726
552 88
947 886
864 159
794 61
842 257
455 790
166 995
289 556
692 24
617 656
887 513
33 551
931 218
515 411
10 926
245 992
430 658
418 106
558 84
225 604
318 368
745 257
436 890
662 440
663 977
944 189
431 577
547 872
73 913
517 576
518 155
868 980
212 848
368 638
544 593
816 726
408 968
855 175
458 914
39 482
665 535
66 708
659 241
366 315
848 214
315 207
815 498
740 662
917 814
313 542
351 178
639 687
195 990
821 958
242 854
244 543
80 398
722 981
999 599
86 404
252 900
454 200
679 385
118 101
855 679
106 533
957 400
151 89
724 397
891 660
822 790
218 822
718 679
184 762
973 902
87 895
339 86
981 395
545 900
817 379
117 213
466 431
603 786
639 112
933 52
275 815
663 448
407 518
157 687
851 602
739 273
646 637
169 479
615 88
278 235
659 770
514 3
625 780
76 656
737 202
412 520
838 10
634 562
428 21
509 990
952 311
537 83
441 358
519 423
957 822
525 530
730 548
966 940
9 443
11 229
584 33
660 743
423 112
595 931
427 117
156 429
708 130
108 950
125 880
4 521
58 577
724 651
289 229
308 135
301 256
938 282
460 74
906 380
203 808
80 189
562 881
688 444
57 867
283 752
32 47
160 84
126 771
414 713
790 720
517 998
890 324
731 68
222 385
973 759
155 88
536 653
80 761
45 521
377 73
416 539
652 390
746 569
988 494
487 410
970 944
164 79
261 979
5 889
944 731
376 493
966 460
92 505
505 305
791 275
45 973
871 65
802 584
895 335
642 33
79 146
119 833
745 402
840 378
732 184
915 648
254 172
955 155
336 713
547 117
968 30
145 793
475 62
722 21
442 194
758 767
686 392
618 66
306 876
493 430
703 719
607 575
119 532
671 365
809 396
270 526
536 480
764 862
342 428
539 880
243 473
405 618
301 713
512 8
453 926
717 193
590 369
795 667
426 42
543 581
86 16
716 502
32 473
479 35
155 361
462 791
265 505
963 750
178 522
569 171
866 701
377 666
161 672
570 711
65 53
191 605
229 746
955 39
971 41
791 770
614 931
740 762
42 238
885 298
790 803
978 918
944 778
887 746
943 52
992 518
59 433
921 526
743 491
801 692
808 120
135 909
173 346
139 677
158 566
944 457
487 446
783 765
363 422
258 504
442 269
244 145
127 868
920 156
537 395
653 306
197 886
236 924
827 3
727 493
139 5
34 309
441 301
483 678
729 854
366 881
383 957
663 607
63 819
85 727
216 922
882 499
210 239
292 707
557 937
388 514
190 434
462 489
232 132
285 390
342 345
759 690
826 154
709 962
404 372
595 603
65 548
526 731
513 988
830 852
276 814
208 44
190 236
82 525
29 50
950 976
695 637
393 713
959 184
856 631
180 49
753 209
132 188
977 905
173 984
383 937
768 428
643 712
810 59
846 661
649 127
763 9
13 960
773 966
339 750
265 759
161 550
734 293
165 22
517 449
95 213
546 158
961 223
892 561
696 284
34 935
187 839
972 474
329 230
304 548
508 860
658 955
718 763
908 183
257 867
261 811
577 698
742 348
282 470
357 946
909 859
602 799
107 343
418 790
914 755
793 962
875 842
380 612
163 214
419 160
495 149
131 628
153 460
253 67
533 881
632 52
172 47
511 213
266 164
894 468
73 694
682 748
405 863
100 345
409 660
902 46
381 336
58 181
116 995
120 486
836 484
488 10
677 229
128 427
462 514
66 379
46 829
506 626
758 83
364 628
919 860
316 759
712 236
635 915
19 715
501 817
789 524
43 998
815 524
428 660
446 869
895 722
759 755
83 300
955 877
759 419
377 737
288 126
147 821
666 383
133 266
375 202
35 820
533 301
238 609
902 726
482 47
800 136
682 356
400 615
827 542
477 921
260 929
728 73
343 816
783 535
951 689
460 856
374 690
582 28
254 324
900 608
478 396
46 80
709 496
935 3
486 939
318 126
110 775
741 943
779 718
103 182
768 637
861 70
966 492
558 94
137 898
779 645
14 780
842 437
954 203
662 136
794 304
633 264
233 122
181 506
145 828
989 339
920 326
326 12
978 196
542 989
985 864
93 527
171 333
927 786
470 859
146 517
185 217
662 82
393 932
450 143
52 367
181 13
347 317
739 751
996 134
33 14
750 493
473 327
200 521
453 953
424 925
977 823
936 845
156 332
838 880
180 122
535 816
132 229
82 868
289 454
488 623
221 899
703 255
51 380
14 112
273 970
937 355
222 503
913 584
242 497
133 366
364 852
605 686
92 775
143 645
244 79
666 978
450 533
531 292
218 745
792 824
188 385
230 524
883 850
899 217
39 858
637 863
504 837
549 25
732 164
429 656
705 267
559 464
909 129
808 542
589 941
58 727
974 601
897 714
715 591
720 947
531 215
997 553
710 966
415 238
418 862
278 818
524 62
908 349
177 429
452 97
277 812
129 2
239 347
918 770
334 69
135 108
301 772
196 110
405 205
327 772
110 492
36 503
789 31
870 410
194 603
693 435
866 286
309 442
755 102
941 325
43 387
693 292
608 324
134 206
172 789
85 532
581 157
643 928
453 780
78 411
121 948
929 103
286 927
517 808
995 482
959 135
172 571
537 191
1000 475
913 452
416 124
143 507
290 925
610 518
739 886
811 293
122 860
641 886
468 832
622 929
535 570
71 407
635 22
309 439
535 683
888 890
338 566
855 666
70 950
677 150
744 717
143 526
574 358
745 928
102 829
748 45
641 877
430 414
435 324
24 793
60 111
260 633
136 679
732 601
733 304
454 307
330 229
810 555
608 710
771 298
288 832
71 719
723 100
281 57
489 190
325 320
97 289
524 34
68 230
876 589
914 942
326 709
555 525
771 600
480 757
443 507
670 373
926 500
766 247
34 20
241 504
628 252
186 331
651 911
51 843
159 636
241 329
78 324
389 487
321 465
949 223
806 632
589 72
113 791
811 210
133 994
800 673
747 772
949 64
588 256
806 459
311 939
646 160
939 182
88 362
431 370
694 700
915 65
185 348
114 266
596 890
284 16
69 774
952 723
863 428
791 579
556 580
198 453
181 569
481 727
544 499
940 608
981 34
212 238
217 205
331 373
524 604
27 92
908 963
912 390
662 566
848 552
762 34
909 487
838 407
434 969
906 163
678 300
905 640
13 387
953 952
164 49
438 944
735 698
339 45
486 601
144 77
291 142
923 469
435 751
845 604
899 348
352 31
228 674
300 215
875 845
197 873
270 450
935 943
499 81
651 380
908 357
345 891
309 720
662 348
756 111
849 315
99 804
98 849
780 815
736 351
112 925
211 547
416 393
16 595
988 825
208 235
280 232
530 696
930 126
604 841
704 799
463 332
418 445
826 302
612 467
567 479
798 968
251 941
380 271
53 159
39 412
62 71
872 79
946 746
855 798
677 618
564 764
952 103
111 510
208 823
118 302
53 374
743 788
548 67
88 796
749 25
623 512
828 278
834 313
526 99
855 749
58 879
610 784
863 166
866 134
923 522
108 69
734 401
240 981
459 693
723 992
923 226
193 449
819 437
917 512
28 565
891 519
736 452
662 828
900 609
724 109
547 492
766 736
895 452
608 654
956 328
667 775
686 33
714 278
418 827
41 576
23 976
11 936
656 419
515 427
906 855
104 603
836 148
549 700
716 834
510 367
572 766
509 619
903 926
699 229
702 644
38 600
140 647
450 285
716 544
807 379
290 244
85 639
266 443
731 37
343 187
323 954
958 844
12 145
798 917
858 160
34 830
352 587
863 689
664 409
260 300
868 89
980 642
599 219
308 48
733 168
761 772
248 524
187 798
994 642
977 976
48 940
752 464
933 869
212 298
543 790
51 236
986 977
312 640
791 760
771 372
430 749
467 205
359 363
591 279
222 161
448 104
334 543
317 851
672 334
576 234
813 659
563 916
247 647
527 625
733 348
753 518
984 555
46 109
620 818
586 110
236 555
738 293
187 41
172 323
173 22
528 43
12 148
435 807
495 863
745 400
15 900
988 44
989 261
556 360
315 314
483 652
724 982
305 320
15 565
966 639
659 402
578 835
387 870
689 474
195 145
927 864
426 246
438 343
955 379
371 880
134 60
19 669
661 197
296 923
701 905
918 732
650 86
