6 4
1.1
12.742 13.812 1.955 13.063
6.432 9.071 14.347 1.565
21.203 7.172 17.416 5.369
21.692 2.015 2.743 1.929
1.959 7.903 5.299 9.574
4.875 2.640 1.838 19.036
12.115 9.309 6.947 13.678
9.400 3.512 10.180 1.755
14.320 1.730 15.654 15.219
4.388 2.345 6.146 1.870
15.664 18.033 1.063 14.501
5.034 3.875 24.834 9.659
5.409 13.708 7.037 0.853
7.799 6.806 2.800 10.561
2.820 11.911 1.344 7.759
1.360 1.162 19.827 1.381
1.748 3.617 13.602 1.195
10.791 9.440 15.254 8.928
8.572 6.593 5.852 1.320
8.363 4.619 4.790 5.578
4.927 6.443 16.139 11.651
6.483 20.893 7.674 10.487
10.213 11.595 7.306 3.668
10.328 24.938 1.500 1.546
5.359 8.832 4.743 1.686
15.182 12.458 18.595 11.289
0.386 7.014 30.184 5.042
5.765 9.247 10.794 19.573
1.373 1.670 4.364 18.462
5.992 4.553 18.152 0.326
2.422 18.352 2.673 1.529
5.227 12.919 2.953 19.748
4.429 11.623 5.114 8.723
7.100 23.632 13.012 4.846
3.416 17.142 9.853 6.659
2.640 14.292 10.478 8.056
4.839 8.893 16.066 2.533
13.260 1.678 14.304 4.004
3.098 2.324 4.507 5.471
8.042 7.425 2.989 3.020
3.422 12.128 10.385 3.855
0.480 18.213 24.862 7.246
3.201 6.571 13.762 5.388
4.597 2.927 2.242 3.441
1.800 10.355 7.933 10.201
1.881 5.110 7.789 13.241
6.320 17.815 10.533 17.523
12.246 10.399 5.212 12.901
8.785 6.417 2.461 3.308
1.853 4.311 3.731 0.348
3.103 7.697 20.726 3.490
19.986 0.339 20.530 0.747
12.485 4.752 7.361 10.126
0.641 6.214 8.688 5.457
5.297 1.080 0.435 3.382
20.631 2.734 12.587 7.123
3.846 4.914 4.078 0.496
10.233 1.520 1.029 13.057
4.954 8.707 2.082 1.824
5.934 12.635 23.460 0.469
11.324 7.440 17.879 1.178
9.298 1.748 2.879 9.147
6.229 11.052 3.640 7.655
1.109 20.515 12.265 0.357
10.517 7.222 2.505 2.771
11.199 19.438 8.425 14.973
8.600 2.659 9.572 9.955
2.540 7.120 1.936 5.237
2.136 11.390 4.909 11.685
0.096 3.914 8.166 0.201
14.123 8.035 8.181 3.868
8.622 8.553 11.551 1.746
8.601 13.709 4.442 2.680
7.680 3.451 2.486 2.569
14.701 9.345 1.886 4.398
0.457 1.477 21.211 3.252
4.695 16.856 7.135 4.364
4.970 10.484 12.412 14.634
2.234 4.387 23.847 5.783
7.979 2.065 8.081 2.497
1.378 0.832 6.966 4.126
9.942 0.503 3.912 5.131
5.154 5.121 18.919 1.170
0.528 1.899 5.989 2.545
2.303 15.147 0.239 19.370
3.607 11.713 4.683 0.312
0.599 12.345 16.767 18.758
10.773 10.240 12.304 0.200
11.463 1.915 18.335 17.289
21.645 18.459 15.661 6.415
5.369 3.968 4.387 16.419
17.648 3.457 18.372 11.262
2.217 18.429 14.499 10.338
19.917 4.793 7.210 0.040
8.297 10.599 4.406 7.501
5.366 10.756 4.321 21.809
19.867 24.839 1.329 10.771
9.388 6.822 1.485 1.687
17.499 4.923 10.472 1.952
21.079 8.472 14.829 30.475
1.440 1.972 10.748 11.295
4.286 5.203 3.142 0.366
13.836 0.939 8.915 2.987
1.415 19.137 4.255 8.749
5.205 7.138 3.517 0.054
3.702 8.964 22.072 5.759
4.038 4.343 2.306 1.618
14.679 3.514 8.628 3.045
1.553 2.139 10.327 11.609
17.605 15.169 12.958 17.099
6.557 3.881 1.797 18.233
8.118 16.909 3.213 8.239
6.406 5.305 10.948 6.659
11.515 16.169 2.029 3.703
2.554 5.787 0.514 10.544
15.956 15.656 6.501 0.912
4.777 0.610 3.562 9.865
7.118 3.112 0.224 6.003
5.059 0.743 33.511 5.780
7.164 3.791 11.462 15.115
2.065 11.814 3.315 1.320
3.785 20.277 5.726 35.511
3.338 2.668 6.732 1.130
12.166 16.234 0.536 3.215
9.499 6.909 1.397 11.537
9.035 10.378 0.545 23.915
12.482 20.407 3.668 2.635
1.575 5.611 2.289 8.051
10.520 19.978 8.476 0.897
4.634 2.511 0.553 15.226
3.814 7.459 8.708 5.575
7.840 30.798 4.170 0.268
7.749 19.023 15.955 3.518
2.428 5.819 3.648 20.738
9.084 15.822 1.466 2.076
0.966 10.132 8.749 2.661
18.018 6.690 2.424 0.010
6.092 1.188 4.091 6.451
5.377 20.528 6.008 23.640
0.209 8.340 6.865 6.195
8.451 9.508 18.400 1.209
1.680 9.557 9.884 9.862
0.600 4.821 7.315 7.756
16.891 12.425 17.257 17.922
8.365 5.515 15.788 7.222
4.421 0.713 4.892 7.273
19.009 10.273 14.187 15.175
3.337 8.736 3.041 3.995
6.924 0.301 9.174 9.102
4.791 1.744 3.533 1.790
17.103 0.546 2.331 15.299
19.352 4.952 3.301 1.944
14.993 7.977 6.324 2.527
3.293 1.935 12.981 9.670
3.389 14.029 10.727 8.756
6.462 0.263 4.028 9.832
3.277 1.347 4.602 9.025
0.700 7.118 16.594 9.894
1.857 15.593 0.978 2.908
4.402 3.923 4.470 6.187
1.834 10.411 11.784 8.639
5.990 1.001 15.111 8.123
0.996 23.867 0.655 15.766
21.473 6.109 4.477 12.056
7.999 8.111 4.632 6.596
2.651 7.566 3.074 3.446
5.653 9.730 10.789 2.844
16.196 1.525 11.007 0.275
8.601 2.563 6.730 10.662
7.318 2.444 13.861 13.771
9.346 2.835 8.869 8.493
6.143 1.716 3.841 1.449
1.909 6.047 13.300 10.516
7.870 4.847 2.726 8.820
0.492 8.121 14.319 9.132
2.319 5.066 4.758 0.627
0.628 13.678 10.253 20.350
18.176 4.636 16.613 16.931
9.857 9.031 11.743 0.767
15.637 6.387 2.328 1.315
5.152 0.395 7.611 13.739
0.115 11.220 1.353 3.678
0.733 9.296 8.215 1.306
15.201 2.026 16.615 5.484
13.576 5.762 18.940 6.216
3.560 2.495 5.418 8.279
5.380 7.987 1.251 7.165
21.346 11.679 6.284 1.878
14.278 8.085 4.409 0.923
15.952 10.633 16.939 8.224
7.550 12.068 0.107 15.803
15.105 0.903 17.512 8.854
2.556 0.833 3.654 3.206
4.357 10.930 21.183 4.170
7.722 7.684 5.096 3.418
2.153 6.833 18.321 5.801
16.932 10.710 8.603 1.919
18.437 4.359 15.879 8.441
11.597 19.367 6.659 10.927
8.207 15.919 13.577 10.315
23.450 11.711 6.436 3.346
7.813 9.284 31.216 9.928
1.018 13.325 5.295 6.429
2.784 28.695 12.175 18.089
14.051 7.109 1.749 6.966
20.466 0.273 19.349 0.476
4.359 4.651 6.599 11.809
12.997 4.740 4.126 16.364
3.458 7.220 5.840 1.703
3.035 8.894 4.287 1.198
0.989 2.007 1.686 6.028
1.365 12.023 2.254 12.712
1.099 11.897 0.599 13.674
10.599 16.067 4.707 16.744
5.050 0.180 8.041 5.006
19.380 16.390 2.928 5.147
5.031 9.119 18.630 8.898
23.689 6.005 7.702 10.688
7.196 4.856 0.471 3.437
6.924 1.942 7.488 5.420
10.821 3.973 9.379 2.384
5.272 4.610 6.148 7.403
8.781 7.358 0.664 7.992
1.829 0.797 4.042 10.031
4.704 4.451 7.332 11.900
0.428 15.701 8.837 3.321
10.000 8.822 4.649 8.675
9.605 10.777 3.301 7.660
9.014 1.907 9.188 4.687
6.363 11.385 3.209 11.639
30.152 3.952 13.045 7.990
1.121 1.372 3.796 4.249
2.546 4.486 11.291 1.560
20.475 4.758 10.466 3.083
1.524 11.944 12.965 4.787
9.648 1.237 2.920 0.913
5.004 4.835 4.765 14.208
18.023 3.595 2.701 5.962
7.953 4.497 0.313 4.695
9.417 18.124 18.324 12.691
3.167 4.652 12.403 13.695
18.024 8.934 0.817 7.674
20.538 8.672 23.345 4.084
17.624 8.479 9.844 15.830
0.812 0.784 4.660 1.496
1.585 10.946 5.353 9.275
6.488 1.613 10.876 0.842
16.052 7.113 19.727 11.879
3.558 12.942 3.444 0.261
19.821 12.334 13.388 8.445
16.097 1.642 4.167 11.579
1.925 6.600 20.900 5.950
9.125 4.006 17.177 4.672
0.321 11.348 1.088 6.671
18.740 15.805 4.134 7.079
21.045 2.637 19.125 0.893
3.272 12.621 3.952 16.078
9.295 10.887 10.395 12.557
21.076 0.593 25.862 1.624
0.096 9.499 15.576 13.969
1.436 3.686 16.578 17.765
10.782 13.897 21.022 8.683
8.373 3.751 3.072 14.024
4.976 17.952 7.228 5.811
2.828 2.133 4.888 3.749
3.388 8.761 13.926 8.505
1.228 2.694 6.388 7.244
12.163 8.961 1.929 9.511
11.358 5.569 0.829 0.562
8.498 14.405 10.821 12.597
7.951 12.871 10.259 17.762
1.553 9.909 12.192 7.402
14.734 3.362 7.376 3.826
14.343 14.873 3.799 15.424
6.607 19.100 4.419 2.754
6.814 6.473 20.978 8.290
11.855 13.416 12.650 16.021
6.383 10.779 19.633 6.158
17.933 6.476 13.883 0.621
14.829 1.446 11.701 3.741
4.448 7.959 12.091 19.391
5.427 8.566 0.588 0.509
6.597 7.804 0.443 5.337
29.363 1.827 3.679 11.775
0.208 2.210 2.984 7.303
4.892 13.291 1.524 15.060
2.893 8.019 12.857 17.260
4.039 1.085 4.476 2.816
0.671 5.352 0.009 3.605
4.072 3.691 3.766 2.246
10.529 3.842 1.723 6.736
8.304 0.070 3.150 3.484
4.746 24.020 4.961 14.821
4.484 5.625 15.006 4.378
1.358 1.222 9.460 17.767
6.697 0.586 11.121 10.958
1.903 0.888 2.539 15.741
6.791 8.523 12.047 0.617
3.257 1.374 2.003 11.992
1.980 12.804 2.880 14.805
1.169 0.214 2.896 28.089
1.758 0.156 12.224 7.504
9.119 2.727 4.999 12.397
14.443 7.241 1.896 13.059
15.666 6.015 6.667 12.150
16.098 1.874 2.652 9.618
11.124 3.470 14.204 3.390
4.776 9.347 6.968 5.385
2.576 11.760 15.796 8.301
0.591 2.153 8.389 9.700
3.204 13.271 1.550 0.623
21.380 7.529 2.929 11.879
9.279 11.504 14.767 12.567
0.755 0.884 1.341 7.085
7.190 6.007 18.754 4.978
0.435 1.467 0.994 3.213
0.696 2.737 4.733 11.230
7.031 9.283 8.910 2.922
5.129 10.249 11.320 13.961
5.527 18.468 4.377 8.611
9.719 1.903 1.459 7.084
0.724 0.453 16.714 15.057
11.520 18.212 1.592 8.754
5.729 0.279 14.059 0.990
12.070 20.088 3.638 5.884
15.307 10.265 9.412 12.344
3.983 4.098 8.272 9.581
22.003 5.489 1.509 3.101
14.433 4.874 5.549 10.480
1.136 20.870 4.072 10.193
3.296 5.940 2.211 6.256
4.203 11.412 0.589 3.574
16.015 17.610 2.778 11.562
1.555 0.202 5.209 8.120
1.793 5.448 15.726 9.992
8.634 10.285 1.732 8.810
9.990 5.065 24.036 13.300
4.364 6.169 20.211 14.203
0.002 10.560 6.208 2.121
0.737 18.756 2.642 4.971
5.153 7.754 6.768 2.683
2.429 8.498 1.600 0.533
16.552 5.865 2.976 2.472
9.363 5.096 2.784 1.582
8.703 6.675 14.516 0.596
7.623 13.418 11.341 1.700
7.595 9.680 12.566 5.573
8.072 14.313 6.324 4.733
4.656 4.875 10.713 7.198
11.603 1.634 13.137 1.645
3.494 10.754 20.461 14.197
8.885 3.527 3.161 4.888
0.945 4.137 6.215 7.011
3.863 2.424 11.790 1.279
29.485 10.318 4.358 4.217
3.020 8.806 9.099 5.136
11.212 16.593 3.161 17.553
1.939 1.382 18.315 17.185
10.804 4.297 1.412 2.115
8.627 10.571 0.614 14.315
3.266 5.742 13.855 12.492
21.453 8.946 2.394 7.510
6.670 3.196 9.332 5.294
7.523 18.963 5.743 9.263
4.187 3.964 14.492 1.854
2.837 0.245 7.334 8.425
9.324 5.805 19.295 7.557
0.756 3.324 21.144 1.111
9.714 18.459 7.236 11.754
2.082 9.325 14.811 1.462
5.690 6.574 7.006 13.043
0.185 5.088 9.075 6.269
13.038 4.192 13.485 3.627
5.193 2.746 13.348 12.274
8.862 26.522 7.167 1.769
0.328 9.797 10.095 2.508
7.965 3.009 21.042 15.184
12.614 4.841 13.066 7.787
6.377 17.544 2.605 6.722
2.492 16.507 7.273 7.380
11.102 6.356 4.817 8.483
0.837 3.892 6.264 1.373
7.753 0.627 13.528 0.812
4.460 8.838 3.308 0.391
8.735 2.704 5.466 5.186
14.353 8.595 6.266 2.123
7.701 14.211 1.491 3.767
8.367 3.549 4.758 5.171
2.684 5.091 6.074 9.833
1.625 4.798 1.248 2.079
16.559 13.295 3.445 2.895
1.904 7.594 1.942 7.882
23.701 8.212 0.234 5.708
3.350 2.582 0.912 17.696
13.361 6.653 14.033 18.666
14.382 5.833 11.685 6.703
2.487 4.304 5.566 5.453
7.826 3.598 18.722 6.192
0.978 2.325 3.473 10.804
5.483 3.215 13.451 17.038
4.959 20.860 15.389 8.147
23.282 0.643 14.414 12.949
0.987 22.962 3.910 10.726
14.811 4.077 13.606 12.680
8.399 3.190 1.491 1.909
1.663 4.786 26.253 1.084
7.455 2.389 4.582 13.064
2.405 8.081 2.264 8.472
4.493 25.671 13.358 4.663
17.751 12.203 12.096 6.189
2.412 10.187 9.140 16.662
8.836 0.324 17.633 6.436
0.099 2.070 9.528 15.587
1.687 2.759 11.018 9.838
16.288 5.241 8.767 2.768
7.251 4.866 11.114 1.965
6.071 13.436 2.187 10.300
6.417 1.883 8.390 9.482
17.304 11.254 19.902 2.731
10.924 8.224 9.587 14.123
1.609 18.483 3.932 16.557
12.611 22.354 5.034 4.352
10.120 8.315 7.135 10.813
4.690 4.314 2.625 0.153
8.298 11.990 1.033 2.416
7.798 2.889 16.991 1.053
13.622 9.968 2.456 15.867
18.858 10.450 4.570 21.829
9.709 2.063 12.131 1.741
4.581 5.437 0.440 14.491
6.815 4.560 8.958 4.167
12.818 10.735 4.742 3.352
5.911 11.685 5.902 6.059
17.212 5.133 0.323 14.165
17.200 6.084 3.370 5.977
5.534 7.024 2.876 9.033
8.391 33.224 4.278 12.758
13.921 3.257 17.561 0.924
16.374 10.572 3.449 12.484
6.205 5.292 16.502 2.315
1.168 1.295 9.221 1.257
9.495 28.866 20.811 16.533
6.375 5.499 4.792 2.869
4.538 4.833 6.254 5.988
9.077 12.344 1.598 6.194
23.374 11.155 8.800 1.932
0.923 3.775 10.687 10.142
7.474 9.488 18.866 5.403
0.075 14.488 12.510 14.007
12.702 6.414 3.317 0.489
3.113 6.615 4.976 6.000
7.457 0.879 2.980 14.182
11.142 10.179 6.114 9.828
2.544 2.382 1.696 10.290
7.696 13.099 5.479 0.200
11.908 11.303 6.215 9.014
2.308 5.930 17.190 11.659
1.534 4.811 1.568 5.764
1.281 10.375 21.002 2.515
9.967 10.602 1.779 11.280
24.618 1.010 2.398 16.535
9.095 11.715 1.018 14.183
25.274 22.914 9.006 17.478
14.477 6.010 2.070 6.593
9.653 2.196 11.226 6.962
6.912 11.051 20.048 5.583
7.222 7.587 10.327 5.828
10.573 0.684 9.854 3.010
8.687 8.438 24.262 10.662
6.398 6.881 14.052 5.013
4.746 3.462 3.571 8.777
6.826 9.235 1.491 1.469
15.337 3.167 14.168 14.922
1.541 14.347 3.155 10.152
8.182 29.627 9.042 6.130
5.095 12.351 10.146 2.781
15.071 6.055 7.007 3.680
7.126 3.100 15.129 1.919
3.630 21.216 8.579 10.639
0.393 9.635 27.294 3.537
7.591 20.053 3.478 1.999
0.773 4.649 8.458 1.727
6.960 0.696 7.156 17.062
1.069 10.129 13.680 12.534
2.857 9.866 8.867 4.628
6.926 3.540 7.078 3.428
3.987 0.748 13.152 3.336
15.676 5.379 11.521 10.727
0.845 6.279 24.444 2.774
5.100 2.325 24.395 6.232
3.892 5.271 11.285 4.681
4.530 0.932 11.892 10.683
11.020 23.296 5.397 8.422
18.558 1.191 4.302 3.613
9.610 5.206 2.548 3.552
4.205 20.039 5.386 16.509
1.914 1.395 3.264 3.919
12.994 4.618 14.362 3.943
0.191 2.580 5.033 12.032
4.586 6.663 3.508 0.870
24.017 10.052 5.534 12.540
13.007 7.715 2.658 1.564
14.060 3.976 2.762 7.536
2.315 6.282 2.401 13.298
6.482 2.693 16.074 16.746
11.012 0.022 5.190 1.629
3.230 9.572 7.660 8.294
0.625 14.871 8.317 13.331
0.037 17.476 1.882 1.808
5.111 4.197 0.934 4.435
13.963 1.148 25.153 12.106
8.507 0.008 0.950 3.270
1.602 11.890 13.548 0.640
7.668 2.861 10.565 15.810
16.512 4.678 16.587 15.865
6.499 6.379 6.068 23.717
3.485 9.515 0.767 13.235
16.175 7.220 15.007 2.873
9.266 2.209 9.632 11.502
6.499 7.950 18.558 5.560
4.235 6.511 0.708 15.914
23.904 3.831 4.082 12.810
6.414 5.514 17.649 2.021
5.423 4.856 15.488 2.092
14.471 7.793 8.320 7.395
14.997 10.193 5.039 8.103
16.543 6.677 3.758 7.512
0.564 1.416 5.729 10.051
5.723 9.164 6.896 4.603
6.886 0.810 1.374 3.951
5.364 16.750 17.857 9.642
11.599 5.230 6.814 4.461
5.392 2.833 5.500 8.981
12.698 24.470 9.421 12.302
2.458 7.721 16.836 1.380
6.989 7.151 9.206 7.008
4.155 2.400 6.196 5.912
18.721 4.382 5.316 24.775
9.880 8.090 9.695 5.000
12.568 9.734 7.758 26.608
1.668 9.016 10.828 2.345
6.545 2.731 9.043 10.986
21.231 10.804 9.035 11.896
8.464 6.528 0.258 3.855
1.763 7.072 13.745 6.824
6.198 3.653 2.700 3.392
34.783 15.431 7.549 4.213
1.415 0.952 6.713 10.253
5.886 0.213 1.188 13.940
16.857 17.208 3.361 5.023
30.969 1.101 2.640 3.693
7.347 7.858 3.270 3.633
18.251 2.850 1.236 18.694
13.417 10.792 9.061 6.143
9.391 2.514 16.431 12.247
8.505 9.158 3.105 0.352
10.295 2.391 11.232 7.361
18.585 3.974 15.198 9.757
6.904 0.394 7.292 5.026
10.539 3.611 11.147 10.295
9.149 4.550 15.692 12.441
3.275 19.993 0.982 2.168
1.300 3.376 1.586 13.110
3.801 0.282 7.707 6.147
7.365 6.633 4.656 1.142
22.960 10.802 12.221 0.008
11.935 0.827 2.744 21.572
9.391 1.134 0.607 6.196
3.077 11.506 9.288 20.607
9.263 7.992 9.977 7.184
15.800 17.162 26.197 2.448
22.184 9.379 2.480 1.211
12.902 2.913 0.965 13.365
0.645 2.259 2.222 11.494
3.713 14.739 2.142 12.166
21.046 7.018 7.859 3.025
18.845 0.170 2.046 8.648
3.835 7.098 9.694 1.460
9.963 25.255 3.161 3.631
0.410 4.578 1.044 2.862
21.782 0.831 0.534 4.372
7.147 3.455 6.339 18.956
12.438 2.792 13.166 10.326
19.809 11.404 16.199 1.777
5.840 5.512 17.679 6.842
0.061 2.107 2.855 10.983
4.935 2.561 1.925 21.268
17.300 5.399 11.345 6.284
5.028 14.760 0.351 6.439
2.790 5.363 9.951 8.022
19.818 1.429 2.278 9.865
1.243 2.611 2.493 8.947
13.736 18.261 2.900 15.282
12.937 5.260 10.144 0.863
2.122 3.725 11.515 10.213
3.583 1.229 8.661 5.249
5.508 19.445 0.147 8.320
3.415 4.863 1.175 5.382
4.686 1.906 5.382 2.996
3.475 8.211 0.900 2.572
9.909 12.763 1.788 0.446
0.490 8.581 4.300 17.234
10.782 2.777 10.657 5.492
8.297 4.495 2.533 1.353
19.240 14.993 8.467 18.750
0.365 4.997 15.213 1.147
2.020 6.226 8.318 8.661
9.385 1.770 4.074 2.936
20.402 4.683 4.408 8.530
12.819 15.669 22.344 9.443
4.247 5.126 7.983 6.965
15.354 1.843 17.880 8.585
17.104 1.867 4.858 4.226
17.672 3.302 3.744 8.545
9.699 11.744 5.445 9.498
16.180 5.519 13.143 14.234
7.787 3.481 4.777 0.924
3.091 7.605 12.012 10.704
3.192 17.055 5.147 5.702
16.452 3.749 1.369 10.520
14.739 1.267 15.451 7.862
3.801 8.277 3.374 0.609
7.971 5.369 2.775 0.038
2.569 0.748 3.795 4.146
3.641 4.288 1.659 8.030
16.403 32.344 11.590 1.264
8.335 3.015 4.255 1.765
21.615 19.099 7.589 0.024
22.020 4.128 1.966 8.394
9.969 11.820 23.402 0.195
4.814 10.875 0.749 6.566
2.730 27.856 3.947 8.695
19.177 4.915 2.052 7.156
11.460 13.540 3.401 2.844
8.198 10.516 10.384 4.344
26.035 6.894 9.844 4.543
2.723 13.771 16.745 6.287
10.354 1.928 7.409 6.494
8.534 14.273 6.533 15.407
1.814 7.776 9.998 7.091
0.543 2.981 1.784 4.482
1.242 23.223 19.934 10.228
5.623 1.047 5.128 6.625
13.013 12.157 9.793 8.022
5.583 5.077 8.444 18.815
1.867 9.991 7.171 3.378
15.778 4.623 14.738 11.918
10.926 7.059 2.566 0.613
5.205 0.881 8.612 1.904
7.234 0.923 8.795 8.967
7.968 7.499 6.631 5.555
16.406 10.433 8.996 22.982
2.970 8.045 6.077 1.212
14.311 14.000 8.926 2.591
0.559 7.605 8.549 10.775
15.772 7.020 14.692 4.085
13.937 4.482 7.903 11.272
27.062 11.444 13.057 2.609
0.327 10.110 16.768 15.343
2.537 12.918 15.836 14.866
16.202 7.751 8.017 4.338
6.966 3.441 4.941 10.376
28.610 4.587 9.055 8.045
3.734 0.259 5.523 3.566
7.508 6.770 1.638 12.045
2.268 6.028 11.914 14.376
8.679 2.153 9.090 0.965
0.348 7.086 20.244 17.343
10.588 19.907 16.723 5.438
14.791 14.125 6.112 2.236
1.955 18.278 6.732 4.338
13.692 9.690 8.376 14.585
14.264 6.287 4.305 8.407
3.551 15.513 30.459 4.420
3.354 8.622 6.318 1.445
12.360 17.519 7.426 12.576
14.226 2.329 7.015 2.511
4.187 3.622 11.664 10.109
2.825 12.387 5.878 8.957
5.136 14.702 10.835 6.098
12.196 13.916 8.159 18.527
7.847 22.141 2.211 14.220
4.254 6.223 5.041 3.334
7.926 12.926 4.490 5.900
9.168 21.439 13.572 2.935
0.503 4.185 4.504 0.164
1.061 5.891 31.274 11.617
5.825 4.823 6.536 5.224
4.516 24.064 2.086 3.308
13.082 15.376 0.099 3.385
19.366 14.278 0.658 1.629
5.706 8.545 5.572 1.437
7.571 4.517 0.568 0.598
8.106 20.258 14.325 12.430
9.531 11.845 7.938 7.329
17.160 6.098 1.241 1.057
4.170 18.336 20.394 10.520
8.153 2.953 2.096 11.960
2.664 3.927 1.860 18.880
5.042 10.255 8.986 23.941
13.806 3.956 12.158 1.641
0.990 14.049 2.242 11.368
7.047 9.614 5.253 4.639
16.869 7.632 1.558 19.408
12.514 0.613 10.573 1.132
5.358 19.188 3.859 0.859
3.102 6.527 3.438 1.204
13.493 13.255 3.528 6.232
1.869 3.485 2.915 3.530
4.377 7.056 6.928 8.200
0.964 0.693 0.252 11.927
1.490 7.539 5.287 2.496
9.269 0.158 1.402 2.734
11.385 19.740 2.091 0.833
1.546 2.446 0.347 7.509
2.738 5.277 15.458 2.165
1.036 6.291 8.869 1.501
10.223 12.782 6.186 9.864
3.064 9.949 18.932 4.845
20.588 12.362 4.429 2.967
4.115 2.711 3.890 13.587
1.975 2.735 0.371 8.559
1.744 15.564 4.900 9.246
6.915 8.845 1.518 5.393
4.495 11.596 2.054 7.853
6.988 1.118 2.109 10.648
3.731 4.573 2.299 6.234
2.728 0.866 4.969 17.502
18.664 15.867 7.854 1.095
6.252 7.622 14.413 9.502
10.142 3.180 2.322 1.936
6.668 12.660 0.332 15.848
8.343 11.068 11.904 12.356
4.746 6.832 3.220 7.783
3.333 6.554 18.150 3.086
11.995 8.743 17.446 5.748
9.694 2.975 18.101 16.397
5.705 2.241 16.996 6.526
1.622 7.901 6.608 5.345
0.276 1.165 7.639 5.521
16.675 7.365 1.375 5.481
5.769 2.394 3.801 2.199
2.108 7.927 4.037 0.167
14.715 4.060 20.588 4.066
11.972 11.832 6.844 16.998
13.982 26.713 0.368 8.714
6.731 9.039 2.800 3.461
13.528 13.470 15.694 6.987
5.326 9.972 0.981 1.815
19.666 1.575 1.325 6.759
2.334 11.552 4.732 9.443
2.398 10.266 4.024 3.826
0.553 5.208 4.477 8.777
1.571 8.589 13.055 4.451
16.342 9.504 11.475 8.575
1.141 7.241 7.932 11.600
0.406 7.079 14.049 10.008
10.997 1.072 10.176 14.681
15.813 15.254 15.668 19.192
7.859 3.521 3.974 23.343
11.245 2.122 15.797 2.474
1.852 5.936 0.541 15.238
3.039 2.944 0.681 2.368
8.465 13.178 20.015 4.091
20.480 3.162 0.158 9.352
1.394 9.764 17.211 3.743
5.755 2.249 5.719 25.027
6.320 2.157 2.597 15.851
8.386 7.279 7.022 0.209
3.615 9.317 20.234 8.613
4.525 1.728 0.440 16.698
6.817 0.888 4.794 9.668
11.841 15.500 4.579 16.229
9.915 4.126 1.604 20.174
10.479 3.034 1.495 11.022
21.531 20.463 2.511 3.841
6.060 2.225 26.756 7.044
7.549 0.764 1.621 11.153
2.457 2.089 1.006 2.750
1.798 7.826 4.593 1.674
17.454 0.156 17.191 13.590
2.829 6.259 3.763 2.602
6.867 11.490 13.302 10.223
4.937 12.475 13.085 13.789
3.807 5.282 0.460 8.774
1.253 18.511 11.454 13.261
4.467 4.051 1.039 0.235
0.831 1.242 0.457 3.529
14.726 0.394 8.894 1.438
5.180 6.638 6.697 5.673
11.801 15.380 7.514 2.484
17.369 0.066 20.494 14.655
4.054 6.701 2.372 1.332
6.062 4.170 1.828 4.333
4.565 4.891 2.436 6.916
6.600 1.698 6.575 20.960
6.598 3.793 6.319 13.738
13.715 16.233 7.067 8.859
7.868 4.205 12.647 4.037
26.440 6.594 6.785 3.863
3.907 2.455 16.256 9.596
1.470 10.708 2.345 2.712
0.676 4.544 0.647 0.381
3.590 4.972 3.220 3.716
10.529 14.008 9.829 8.070
0.407 1.052 8.542 1.996
2.488 6.827 4.190 2.328
1.050 15.003 10.751 21.730
7.285 10.048 20.769 5.556
2.344 10.930 2.830 1.406
9.569 9.975 10.334 15.642
5.477 16.945 3.199 26.168
0.749 5.750 10.207 8.338
5.931 8.684 0.399 12.459
6.312 3.726 1.201 4.444
1.686 3.996 4.629 19.985
16.204 14.202 4.634 9.610
6.929 5.157 4.321 5.427
4.818 4.315 1.313 20.553
5.838 4.530 2.843 12.432
13.898 5.061 0.633 2.647
10.034 17.382 1.339 31.798
4.951 2.208 23.306 0.735
10.925 3.579 10.546 3.260
1.654 3.412 2.272 6.270
0.165 5.757 6.511 3.870
18.365 3.599 6.635 4.148
6.091 8.155 9.614 23.249
9.917 6.772 0.207 1.795
0.925 2.931 7.482 20.652
2.902 11.386 0.539 20.717
13.515 1.094 5.855 9.378
9.809 2.339 3.340 7.242
9.565 6.827 5.183 13.797
9.576 9.234 14.896 2.828
15.325 9.252 6.996 0.264
0.529 4.392 0.135 7.591
5.842 13.629 4.797 0.031
5.541 0.540 9.887 20.596
8.752 9.717 4.462 9.878
30.586 10.824 2.960 0.976
10.120 6.202 7.047 4.864
13.093 7.773 1.861 1.580
0.838 4.906 0.981 20.653
3.869 8.545 14.435 7.171
3.872 12.206 20.785 0.717
1.036 3.861 7.126 10.222
7.244 4.518 1.435 2.889
10.260 1.408 11.288 1.668
4.975 0.627 18.473 12.830
1.877 18.305 9.484 24.653
2.827 21.417 1.370 20.275
6.534 8.157 0.683 14.323
0.424 14.705 9.254 5.784
6.783 19.933 4.723 6.091
2.575 11.422 17.420 1.280
0.902 12.792 3.751 13.824
10.080 12.196 6.414 0.905
13.325 19.670 3.574 12.490
15.445 4.870 3.196 6.215
16.030 4.947 4.021 10.003
8.531 6.037 0.652 17.536
3.042 3.673 10.090 1.054
14.194 11.590 13.974 2.915
8.547 16.098 7.839 2.151
17.236 5.002 6.558 11.092
13.467 8.341 9.304 5.605
2.184 7.621 2.142 15.381
6.674 1.864 16.174 8.133
13.253 2.375 2.587 13.343
12.067 10.960 13.793 0.048
6.584 10.006 4.461 5.956
4.800 11.069 11.431 9.709
0.398 0.689 4.702 4.733
7.030 4.995 4.593 16.548
7.870 1.480 34.090 3.975
1.961 11.773 3.821 13.429
6.390 7.705 34.251 10.357
1.777 8.983 11.127 13.141
4.311 1.284 0.649 6.991
0.137 21.469 3.529 7.361
11.196 1.222 0.473 4.361
7.036 1.216 12.749 9.817
1.913 3.630 0.033 25.281
3.066 11.781 0.590 1.506
16.714 6.606 9.433 6.211
16.661 4.935 7.911 12.780
16.919 0.979 2.316 13.584
9.408 13.367 16.574 14.582
17.701 19.642 12.404 1.877
16.755 3.253 9.212 16.937
0.191 3.535 19.709 2.007
8.722 16.844 0.403 11.514
1.024 1.460 3.579 6.395
1.399 1.455 4.394 1.536
13.278 30.396 13.329 1.625
5.230 11.110 8.442 10.553
7.609 8.258 7.062 2.691
14.226 4.997 13.644 16.945
15.083 14.432 1.900 14.360
5.527 5.703 10.296 18.641
8.357 2.259 8.615 4.725
4.199 1.464 8.951 1.757
6.103 1.867 1.945 14.323
0.836 1.575 5.294 10.048
12.122 3.734 5.389 9.222
5.611 6.944 13.198 4.212
12.653 0.963 13.562 20.647
4.531 26.973 13.372 18.230
0.135 6.584 8.031 6.942
4.749 2.214 2.979 22.353
4.946 11.759 9.034 18.737
4.556 1.860 2.300 7.485
2.731 6.049 7.077 20.581
15.539 4.981 17.400 12.175
12.449 13.881 3.483 9.719
6.841 9.062 8.485 6.392
9.062 14.895 3.208 17.221
10.830 13.980 6.191 1.504
15.604 5.631 5.809 13.834
7.000 10.821 8.583 1.864
3.324 14.033 0.721 2.435
13.222 3.416 11.297 14.167
6.855 0.051 9.352 0.565
7.909 6.567 5.869 4.301
4.872 8.429 8.612 2.933
11.847 10.649 4.771 6.769
4.146 2.710 6.430 7.632
8.044 2.313 9.909 2.690
9.885 13.778 18.579 2.003
3.055 5.708 4.172 4.404
3.024 3.178 8.338 9.044
2.313 12.385 26.256 12.934
13.107 3.271 4.497 3.345
0.922 0.999 2.564 8.756
17.149 2.635 6.669 0.721
1.811 21.324 6.068 7.630
17.385 5.684 2.045 2.136
9.749 14.173 14.919 1.605
25.681 0.941 4.128 2.676
10.851 8.460 2.143 8.707
9.556 2.090 2.761 8.300
16.138 4.657 5.535 1.250
10.552 13.131 0.379 13.109
14.087 2.569 0.185 5.592
7.890 8.676 11.437 6.250
7.288 2.192 2.695 4.297
16.483 0.131 14.602 15.861
2.524 5.982 5.327 12.676
0.643 7.242 5.609 4.054
7.527 7.317 9.401 10.913
11.471 19.870 3.319 13.063
14.853 16.949 16.770 8.795
9.265 9.240 0.519 17.836
8.369 9.196 4.361 0.256
1.332 0.692 6.472 7.775
0.146 13.812 9.156 5.577
3.296 2.357 7.082 2.309
2.836 5.913 8.872 20.311
3.241 18.962 7.151 8.303
8.203 7.750 2.248 1.100
8.229 3.800 3.793 2.772
4.213 4.827 14.569 4.320
5.229 3.721 2.393 11.440
12.862 18.172 7.627 18.592
15.581 0.851 10.695 16.028
5.649 6.857 26.482 2.065
2.214 0.537 8.892 2.923
1.511 5.043 37.563 7.872
8.414 8.763 2.097 6.421
4.624 11.991 7.485 4.474
8.042 11.021 3.589 13.434
16.385 2.490 2.848 2.182
4.365 5.173 2.558 7.038
5.334 1.843 14.502 15.807
21.048 6.917 1.235 16.293
5.053 9.282 0.451 17.656
6.525 1.788 4.757 12.783
5.127 3.558 7.259 2.680
1.211 12.541 16.468 3.906
1.284 17.200 3.081 12.882
7.398 0.301 2.917 12.738
3.559 1.064 10.762 5.514
12.078 9.430 3.276 3.199
3.831 9.093 1.019 4.298
21.978 2.101 5.232 9.193
7.748 17.564 6.139 2.893
17.270 6.149 5.223 7.905
6.243 9.256 0.629 1.180
0.572 12.303 9.904 1.544
8.667 23.454 16.994 5.094
1.875 0.417 15.686 2.764
9.401 6.994 10.529 6.117
9.557 11.526 11.255 15.443
11.699 15.648 1.093 13.320
1.038 10.743 18.582 2.400
0.382 8.156 13.306 8.047
12.642 6.390 10.886 20.947
12.546 7.608 8.714 2.836
3.626 6.393 4.967 0.951
0.424 10.659 12.345 4.429
13.138 9.498 7.507 1.980
16.687 4.033 7.100 6.627
8.461 2.242 5.482 11.618
3.863 3.415 0.387 1.386
13.568 1.291 0.268 13.093
6.838 4.861 3.613 8.336
5.952 14.852 6.974 1.018
0.959 17.682 6.873 7.067
9.145 2.421 8.308 4.992
13.295 9.456 12.023 21.046
4.110 21.344 8.163 10.791
0.383 5.309 16.985 8.471
5.282 17.270 10.852 3.331
7.530 6.155 0.426 12.607
3.127 17.341 2.697 1.150
5.824 6.332 9.310 8.597
6.573 1.058 3.274 7.697
2.097 8.031 2.114 6.802
1.564 16.376 6.735 2.084
9.719 10.968 0.008 0.528
2.989 2.352 0.485 7.737
7.241 5.113 4.462 19.863
8.315 0.360 7.730 3.550
4.160 9.890 9.880 6.754
8.120 5.611 9.863 2.702
6.349 22.454 11.134 0.914
10.554 0.345 3.159 9.933
3.336 9.455 8.455 13.102
3.547 3.920 1.843 5.084
8.371 1.919 2.228 6.317
5.680 5.528 16.129 10.933
6.883 1.336 6.918 5.940
5.806 13.554 19.995 0.269
27.969 1.673 13.691 9.987
10.122 4.698 19.185 21.907
15.036 1.118 8.893 8.600
15.482 4.077 10.474 2.443
3.891 4.124 12.219 27.968
3.419 15.434 4.676 6.859
5.678 1.019 4.469 6.701
4.194 0.328 19.202 4.488
15.287 6.695 26.066 7.098
0.552 0.087 5.339 3.687
15.093 3.609 14.942 3.870
5.529 6.350 2.545 5.147
3.992 13.556 2.424 18.422
2.828 8.633 2.390 13.059
17.129 2.455 5.327 4.292
1.133 9.369 11.841 0.964
9.145 8.120 13.878 5.946
6.227 9.459 8.894 3.845
0.005 4.031 10.318 14.673
1.341 13.630 0.972 10.436
5.553 18.810 7.028 3.765
6.390 2.631 2.550 8.187
2.516 8.385 5.177 23.610
1.182 10.848 2.349 10.656
