1000 9893
539 882
976 168
590 227
764 207
17 620
532 197
272 979
312 96
649 359
355 898
543 583
639 946
130 820
561 684
156 192
138 631
930 507
518 274
946 517
892 329
1000 867
697 333
200 915
79 617
902 524
919 845
551 303
536 636
973 665
533 149
782 961
450 630
911 743
40 230
991 309
294 687
636 548
680 790
18 677
593 799
301 274
628 539
311 345
975 246
889 113
317 1000
984 347
328 287
398 667
634 295
336 780
927 256
103 95
456 419
296 716
44 346
693 835
986 987
569 845
269 551
491 603
629 145
408 181
787 458
245 664
194 666
595 472
141 621
435 944
281 346
659 685
732 13
294 206
105 15
968 139
381 330
533 61
916 171
590 6
371 844
523 123
746 256
162 177
402 736
954 853
367 248
940 352
200 575
753 206
636 311
543 261
357 99
432 599
642 758
389 119
252 447
987 633
133 114
21 432
265 394
825 194
330 608
916 751
317 381
137 192
674 937
217 982
825 307
739 149
242 423
80 278
703 310
482 406
65 102
653 605
981 944
268 573
89 104
491 332
558 682
886 887
463 930
446 895
736 876
70 501
339 865
485 995
32 40
526 422
841 432
202 122
149 593
39 797
724 475
999 867
567 639
608 628
456 737
933 369
761 90
619 148
675 646
433 23
793 855
297 608
962 934
653 195
503 918
783 832
18 138
447 643
358 474
713 57
920 509
495 151
92 850
334 19
483 887
817 75
512 519
436 551
439 940
978 222
889 585
647 850
577 452
642 777
292 658
715 186
980 743
560 830
326 759
864 776
341 960
786 719
327 749
94 776
665 762
793 194
557 444
850 710
707 83
90 115
787 331
152 338
119 252
360 213
769 709
852 658
667 652
765 892
946 634
85 158
623 402
522 745
181 5
36 581
200 939
240 232
682 467
574 221
632 942
389 559
818 659
677 220
861 623
607 31
640 938
904 952
135 672
726 852
984 70
307 475
625 372
143 577
40 190
957 429
487 226
369 647
408 561
574 359
328 456
882 280
280 619
44 508
178 374
776 575
281 71
500 125
488 541
250 612
34 409
311 718
539 274
116 13
776 654
252 203
235 393
110 615
257 111
556 389
484 440
727 492
283 831
20 826
360 373
362 687
751 331
399 294
510 511
264 635
928 706
877 609
200 301
312 359
739 640
977 11
215 911
141 573
931 426
282 65
129 529
292 14
5 238
356 182
184 127
241 114
955 560
649 475
812 641
269 442
296 488
467 513
549 707
454 777
743 653
191 570
48 828
142 218
138 571
492 107
644 120
81 454
95 158
522 540
891 855
395 714
32 768
530 3
796 971
934 225
779 945
887 688
780 334
451 704
306 197
990 171
911 351
27 805
225 108
74 549
944 734
729 556
692 672
448 132
614 337
38 950
163 3
196 305
719 62
428 101
249 576
314 12
331 934
650 738
98 935
104 696
693 512
345 690
452 242
149 190
333 177
577 819
67 477
910 771
306 875
441 240
10 103
996 792
676 560
38 601
241 419
683 276
426 247
752 817
368 554
5 177
167 353
11 561
502 677
588 286
353 813
739 922
875 909
264 964
393 160
657 659
802 348
643 832
80 156
277 230
783 100
640 286
95 988
155 283
636 208
688 697
468 432
216 138
398 860
327 142
593 636
705 90
354 40
251 400
17 56
94 62
776 187
834 401
108 142
1 716
334 55
224 499
494 999
886 421
785 204
658 850
678 401
97 212
957 326
444 383
747 126
35 266
237 403
74 236
700 40
705 390
782 514
567 824
386 741
698 569
867 694
176 803
837 18
140 838
966 702
219 967
182 201
366 538
97 295
245 615
76 731
405 215
450 416
229 767
417 297
167 893
674 371
286 85
181 161
733 916
37 909
154 747
954 850
739 728
295 110
959 455
637 233
720 251
259 905
498 201
583 616
450 100
17 591
754 22
839 849
307 770
604 564
143 424
590 451
919 539
578 411
252 670
958 502
743 836
957 166
705 949
562 534
255 448
625 254
899 885
592 257
830 799
374 395
288 418
58 824
886 22
852 162
156 745
32 935
596 268
771 476
359 583
97 135
134 989
520 811
249 941
933 95
72 978
70 205
73 127
336 469
816 465
126 244
254 9
680 160
442 159
482 684
382 429
795 59
577 985
28 919
125 405
16 951
110 571
310 9
738 716
208 463
6 790
82 424
708 500
712 975
784 428
876 706
56 627
608 32
556 192
462 359
797 347
586 714
4 529
601 763
926 240
530 713
707 119
864 599
976 113
631 467
349 888
229 875
959 217
610 19
470 510
240 267
366 319
394 658
839 260
416 934
402 137
5 316
815 367
221 45
985 16
89 75
930 659
592 350
904 42
354 97
246 51
32 229
195 851
969 516
628 783
75 185
807 584
166 336
10 968
718 824
75 790
576 785
922 773
27 939
869 864
504 812
356 821
875 239
737 770
240 806
424 173
244 822
444 176
930 317
533 734
36 26
697 832
40 477
745 664
233 460
586 72
850 325
93 19
559 287
840 499
427 262
609 42
296 645
942 252
211 370
872 563
785 720
715 787
628 16
723 380
910 804
773 235
582 185
660 267
368 801
864 166
537 431
727 205
416 407
676 541
347 129
699 852
501 892
428 454
280 762
128 394
845 19
973 222
341 154
703 949
988 19
310 593
42 467
540 630
686 812
838 887
638 549
414 531
151 580
407 446
669 7
265 449
964 581
34 542
783 900
324 174
541 205
815 402
891 8
29 281
971 176
242 492
462 44
85 34
770 640
130 739
826 772
835 750
855 755
142 330
75 165
443 729
689 673
100 752
260 896
596 746
295 850
80 795
559 477
780 478
209 694
987 674
278 983
649 705
500 35
581 262
433 762
849 726
44 368
136 891
582 240
345 919
16 952
607 583
332 699
849 615
446 718
979 932
853 835
656 385
29 394
966 738
720 724
827 104
633 297
546 432
159 133
729 894
201 437
111 926
23 724
154 613
48 32
346 269
128 72
456 994
855 412
604 121
896 77
471 407
474 105
96 427
295 325
578 611
617 31
928 606
655 997
603 476
696 746
329 967
717 108
590 202
919 784
99 685
100 114
211 827
394 505
971 481
219 324
347 395
60 704
492 792
854 446
547 514
363 625
91 910
113 74
848 3
208 866
796 355
710 528
892 212
360 957
821 208
56 470
899 634
717 991
204 246
194 316
861 692
881 222
355 243
412 282
490 534
518 562
818 856
529 267
787 943
458 91
131 51
524 634
947 181
363 74
951 581
53 826
921 530
745 822
981 478
553 507
254 304
606 37
143 809
537 546
520 816
558 840
335 81
906 823
233 507
13 493
753 544
353 946
655 411
656 207
473 974
533 903
742 263
40 41
729 696
179 210
110 685
400 668
955 74
594 774
172 432
286 184
370 505
428 217
931 562
177 351
824 750
859 49
458 916
42 656
343 128
833 864
25 803
963 229
67 440
231 629
750 735
841 641
94 899
955 409
63 140
72 337
401 653
526 710
508 126
940 354
428 398
234 589
933 743
471 296
627 430
518 67
618 727
16 405
379 73
399 31
164 779
346 946
455 244
368 678
761 849
8 279
371 541
553 573
711 661
114 265
385 871
944 604
941 874
418 605
35 911
844 123
222 291
919 395
890 265
411 912
673 357
435 22
886 885
635 55
899 884
222 93
192 912
728 194
326 47
678 208
718 989
94 27
97 789
501 59
321 685
47 637
219 559
211 138
359 2
589 993
680 899
787 681
667 143
886 305
706 939
396 415
309 906
55 186
34 888
934 667
318 856
541 795
980 301
361 315
35 182
932 392
571 344
435 656
617 522
597 548
46 282
784 143
324 216
823 38
951 109
112 690
756 251
975 411
582 331
729 773
803 10
487 525
290 203
229 470
214 618
197 904
401 847
739 968
989 508
202 798
423 506
615 358
980 737
604 213
860 335
388 140
293 986
46 982
397 876
733 616
238 446
757 468
815 810
216 664
158 287
324 547
626 159
661 364
650 255
445 977
322 28
694 748
958 177
778 283
963 797
730 48
434 469
769 628
735 289
403 306
65 215
119 28
215 553
592 192
852 626
563 449
967 99
486 399
801 331
4 229
100 590
894 248
395 672
527 203
71 191
679 444
170 668
463 817
286 794
516 239
754 590
41 137
614 766
705 178
529 108
624 46
752 115
112 274
629 275
596 204
671 530
639 238
568 613
897 625
535 35
663 110
98 716
63 627
116 72
712 592
417 660
128 545
475 410
558 243
262 476
10 525
556 528
486 62
737 92
167 593
866 696
776 688
524 22
118 597
836 768
249 682
325 261
698 865
989 318
408 239
874 110
452 152
400 627
77 309
168 751
812 168
997 868
215 171
682 716
384 7
668 879
120 407
358 807
397 831
676 542
181 152
788 432
518 233
561 842
581 647
396 805
347 305
560 398
392 272
963 987
12 789
86 547
806 391
953 81
94 629
189 415
6 319
427 278
503 35
648 944
646 367
338 970
264 953
446 385
105 513
572 586
252 711
425 27
423 512
471 529
48 830
160 472
911 799
326 341
796 232
556 156
563 143
830 980
905 483
728 186
201 798
666 752
792 939
838 466
931 716
737 813
311 374
443 934
746 318
47 296
605 366
153 253
870 850
675 320
277 164
885 191
541 963
345 918
74 493
552 420
945 261
580 970
63 548
731 229
448 685
56 718
475 132
383 567
43 440
689 78
943 689
185 799
902 266
211 623
732 475
191 24
720 499
6 110
618 478
721 991
918 723
501 863
122 676
121 975
968 880
925 723
493 203
259 943
850 652
869 432
673 141
525 868
195 321
837 914
328 638
154 459
467 705
252 261
159 843
219 652
333 580
962 20
411 774
263 793
359 964
985 478
327 251
687 875
467 396
985 79
749 478
334 860
830 865
377 511
35 577
614 823
463 233
924 365
619 911
13 10
182 643
313 932
321 625
569 476
278 1
151 269
999 201
361 717
258 501
867 555
101 563
871 19
783 873
291 103
205 725
338 54
103 250
869 101
71 856
534 16
257 36
205 678
576 262
885 260
797 52
681 589
119 721
889 946
323 948
487 633
737 358
42 596
79 403
745 147
104 805
966 291
567 510
399 280
937 961
168 822
245 808
968 797
327 522
826 612
447 189
587 926
255 868
203 905
313 185
21 744
243 440
13 648
972 931
424 601
106 207
856 636
963 800
311 81
919 533
612 25
373 523
209 538
172 682
714 713
808 654
290 957
796 503
1000 330
127 493
610 921
312 716
791 716
868 449
991 830
620 290
89 414
416 890
330 976
95 208
575 730
851 235
28 271
467 281
568 364
307 448
943 215
857 786
822 780
307 369
900 762
27 894
446 868
13 447
588 565
448 273
611 876
266 621
984 314
931 789
144 65
200 865
453 362
893 844
732 206
941 86
672 821
529 604
769 237
275 612
202 908
6 788
832 523
427 865
543 55
871 874
585 325
380 839
860 217
552 666
439 990
462 357
772 81
51 826
180 734
238 460
261 379
445 526
263 413
983 114
140 462
841 525
915 353
884 501
925 181
124 34
609 938
207 933
209 356
816 716
446 27
99 888
358 839
289 332
952 508
994 523
130 724
212 572
222 86
592 50
185 380
422 115
156 11
284 112
838 555
75 93
22 676
276 668
526 244
490 988
36 576
492 2
4 230
832 495
298 455
736 813
653 719
839 36
821 553
2 451
869 797
144 880
681 47
496 291
634 9
545 552
213 906
658 777
40 48
3 68
403 862
903 553
841 290
514 328
741 635
206 492
631 597
889 46
896 648
40 366
499 275
872 791
345 953
269 539
54 851
555 794
756 169
300 183
871 168
586 808
962 683
390 448
301 795
504 345
966 535
842 513
186 45
261 445
353 564
689 434
138 392
600 755
785 871
971 776
668 872
472 705
659 599
646 947
341 993
747 674
519 208
266 310
235 32
128 315
312 72
25 677
523 354
993 727
267 672
518 411
298 246
714 702
677 522
824 82
668 323
503 320
473 149
200 891
42 130
397 420
166 227
938 856
407 15
209 780
28 192
325 898
880 455
883 936
240 33
775 429
938 747
84 223
641 772
14 262
391 557
827 561
496 335
96 734
353 202
745 856
67 868
405 332
123 544
558 130
598 563
321 517
879 882
383 323
866 891
900 591
64 289
527 738
141 355
365 424
770 117
510 66
575 847
816 411
10 558
796 641
233 319
305 154
569 821
736 194
920 393
941 13
263 33
116 433
512 595
441 283
478 798
870 12
319 286
840 207
2 700
411 887
133 582
219 581
245 930
170 76
987 145
863 866
16 671
570 26
366 185
549 267
280 292
302 757
593 36
939 48
837 913
610 367
399 74
546 135
611 606
725 720
873 965
730 70
346 847
184 30
204 97
703 137
227 192
906 493
579 850
86 133
696 945
20 433
501 402
943 367
653 349
303 140
967 149
437 598
442 864
978 878
937 457
269 510
929 678
89 385
600 968
352 605
350 56
850 318
360 748
878 626
826 905
60 245
706 675
891 741
412 570
531 436
678 261
537 951
524 485
59 439
463 153
836 645
527 100
740 853
944 622
503 793
896 705
235 167
680 56
814 39
675 383
503 910
456 423
365 331
234 230
305 134
571 175
292 900
570 380
742 404
335 998
606 615
388 746
831 582
483 684
375 586
546 466
655 692
68 114
769 49
988 931
206 992
524 317
708 34
659 542
603 553
663 970
735 203
539 933
565 889
195 209
289 54
878 240
971 574
772 549
475 687
369 480
207 960
359 773
341 778
342 61
308 69
610 709
579 194
34 725
787 17
994 727
498 934
617 420
691 685
737 374
288 104
363 492
414 760
476 773
987 176
313 523
285 629
830 771
667 325
649 242
463 942
14 476
217 208
1 771
294 892
559 192
100 571
218 682
644 962
155 183
801 761
255 110
115 699
187 262
4 432
460 818
28 558
726 573
710 214
123 1000
404 503
937 817
442 440
480 251
334 714
151 272
876 34
563 976
675 650
303 597
587 209
757 10
707 765
282 464
283 521
578 549
185 523
97 471
225 282
867 727
141 92
12 344
140 869
732 207
64 567
750 927
822 504
281 314
437 135
789 82
252 138
822 26
971 764
73 521
275 325
393 946
102 652
251 834
930 123
319 901
180 509
113 822
920 812
635 937
764 243
566 313
899 662
800 582
609 794
352 381
172 760
835 328
964 620
344 365
143 393
592 51
938 67
298 162
907 964
105 692
824 332
577 973
313 551
117 745
136 40
726 925
714 637
806 37
293 126
80 389
744 684
504 593
526 100
250 61
359 749
65 352
321 798
196 926
801 532
900 328
297 277
582 854
161 806
491 219
771 61
679 668
991 670
994 174
652 360
247 702
586 484
71 620
457 40
455 973
277 285
25 300
577 751
908 81
267 347
322 898
736 328
366 759
396 268
349 364
222 522
543 244
871 171
966 645
608 993
185 912
718 362
689 32
405 420
379 582
784 380
571 68
239 178
702 830
349 526
278 522
686 375
753 701
231 558
752 520
632 197
570 7
494 87
759 601
336 401
937 426
785 896
402 804
593 63
721 2
557 412
956 372
209 310
377 820
267 594
608 412
99 259
65 919
95 925
591 882
973 398
920 550
830 105
722 654
763 70
179 441
382 656
271 329
645 188
136 452
815 268
673 411
433 518
161 631
255 371
597 68
653 754
726 808
106 737
910 163
901 778
952 981
631 869
920 519
264 503
342 656
348 725
757 831
425 836
661 682
572 228
809 238
98 383
308 343
467 46
583 292
362 184
624 219
330 346
847 467
139 304
214 980
984 755
641 598
644 591
97 430
741 973
926 593
28 820
470 701
288 937
533 977
898 174
538 121
776 686
392 867
84 515
12 352
841 904
791 673
435 859
864 103
29 533
404 138
715 145
769 602
582 401
159 352
306 660
91 342
733 795
550 883
383 902
756 428
617 994
802 148
162 55
327 915
368 832
257 361
3 797
775 171
80 807
524 489
132 530
958 898
855 574
316 778
275 490
795 739
704 860
392 270
156 319
690 803
285 221
893 296
17 615
882 59
565 447
980 800
556 719
777 14
562 780
890 385
159 986
401 226
899 639
78 973
136 17
950 866
75 100
829 339
795 815
243 794
363 289
848 947
830 871
86 488
504 905
305 616
144 810
437 887
810 499
313 825
689 706
601 75
303 850
733 921
420 30
987 942
781 3
346 600
396 103
658 846
932 177
611 882
261 943
409 212
546 815
432 339
430 194
359 104
192 371
67 609
517 333
362 47
537 321
180 823
92 75
619 346
470 584
660 488
974 200
374 264
580 327
708 412
656 383
289 890
841 821
381 212
203 732
920 132
208 374
872 669
220 611
766 199
485 150
796 881
271 815
902 391
760 818
889 658
756 678
911 197
428 393
466 724
630 963
218 85
995 439
975 885
599 41
947 568
389 131
228 445
636 583
306 158
906 241
165 428
76 121
39 327
65 200
70 603
894 857
819 474
8 120
744 802
378 224
431 94
930 651
515 523
164 635
94 252
520 403
647 810
463 937
597 161
716 280
730 492
397 491
770 583
353 279
960 377
559 195
867 416
268 280
60 788
273 182
227 520
883 641
244 845
315 238
433 10
68 385
20 345
111 543
628 747
595 482
334 378
779 731
463 402
447 569
429 94
31 190
383 747
130 157
421 906
854 431
767 881
534 50
106 185
566 329
984 969
119 141
99 810
319 337
951 437
470 967
293 886
475 127
223 757
295 296
479 543
270 606
436 834
220 681
760 846
821 255
543 343
731 223
459 432
57 804
372 643
217 992
787 334
806 414
418 439
935 126
783 861
79 360
198 750
398 476
825 112
458 587
789 533
846 990
61 702
137 150
99 260
87 398
477 558
830 114
73 385
873 557
406 618
472 210
627 602
165 363
9 829
180 597
577 162
557 908
890 155
122 1
161 987
863 172
374 491
602 646
986 537
236 392
929 836
888 551
524 717
286 680
567 553
330 212
867 391
135 667
46 232
857 669
396 47
516 264
386 245
545 184
837 180
140 36
714 385
76 927
590 532
685 256
407 542
727 645
749 889
552 459
384 333
3 501
101 474
230 54
654 692
714 355
917 462
477 455
944 484
449 794
146 858
449 995
871 904
855 263
340 816
324 477
608 192
171 322
335 767
289 858
42 937
781 918
531 659
453 785
111 213
591 607
613 51
355 799
946 934
104 29
121 929
198 699
608 413
682 892
95 705
721 146
66 457
43 471
562 100
808 421
623 223
592 169
845 369
795 548
208 890
338 969
545 29
383 929
160 253
881 421
131 428
556 635
596 696
676 397
62 244
265 342
198 500
805 340
143 285
833 139
407 152
209 753
360 196
473 772
417 254
666 989
867 116
482 202
875 417
666 588
994 81
279 51
809 92
791 980
313 909
871 266
838 465
515 910
115 626
656 728
408 530
615 769
448 787
47 309
253 960
24 546
689 784
546 891
647 447
73 59
311 17
386 328
116 511
633 211
317 672
943 604
651 223
275 960
2 920
452 400
101 510
174 394
399 978
257 78
684 307
832 710
447 343
448 735
435 971
148 144
560 240
245 928
565 577
675 129
548 401
38 707
475 935
521 747
828 993
559 883
671 341
674 475
930 49
90 786
842 773
755 28
313 49
224 596
521 453
973 335
996 48
579 232
271 142
882 907
653 828
14 164
34 574
850 425
680 623
554 72
358 528
403 732
231 408
649 205
353 266
985 253
700 336
147 592
538 610
4 335
622 629
681 101
97 16
957 464
398 480
602 993
282 75
892 890
767 126
35 291
809 346
704 160
957 690
514 161
992 235
797 782
62 921
895 835
760 230
508 500
558 205
770 377
93 192
45 203
798 283
447 331
361 14
966 605
327 993
937 949
239 245
756 385
557 176
922 479
462 268
504 88
671 184
324 277
119 496
313 77
479 984
688 143
893 346
894 749
109 331
219 311
480 857
507 112
381 535
415 243
422 78
100 225
589 740
416 32
470 471
825 196
789 609
631 232
798 753
544 288
731 702
199 124
934 497
80 268
578 7
672 192
726 119
485 779
752 286
518 643
320 170
840 945
126 722
566 671
193 105
740 646
524 603
502 241
179 142
517 346
614 726
995 848
412 536
791 28
633 824
136 586
79 328
743 148
348 165
374 729
468 406
362 241
455 888
774 704
631 112
295 628
745 449
121 479
488 950
875 834
633 372
651 373
873 293
233 134
414 493
384 128
495 2
686 345
449 942
658 997
250 927
180 554
896 235
222 442
309 330
613 316
210 257
907 429
674 400
592 745
111 67
756 276
495 480
963 82
674 3
52 403
493 255
663 857
333 342
601 766
821 449
289 208
182 25
259 1000
66 482
375 108
655 846
432 760
497 969
829 456
769 5
490 825
397 731
513 722
734 604
365 231
596 677
905 152
798 749
364 929
881 9
610 969
332 327
151 797
868 273
44 861
272 688
80 558
207 538
448 507
108 45
40 789
576 999
204 536
705 5
841 453
986 742
164 382
313 880
705 182
726 748
882 594
330 213
391 470
235 208
477 179
706 907
144 416
165 630
775 765
278 959
7 279
466 55
894 143
288 911
254 46
558 102
462 59
279 579
907 154
249 686
617 92
202 604
622 624
701 614
741 649
872 568
120 189
323 992
224 688
823 951
556 274
872 583
984 853
829 820
788 461
800 513
384 27
883 73
21 474
388 563
594 347
449 571
927 794
877 603
492 767
275 355
857 234
877 748
345 491
509 680
882 130
228 16
247 276
690 829
582 887
255 825
570 871
788 146
717 212
25 682
923 128
816 747
351 507
545 28
825 981
289 478
843 787
494 401
846 682
8 418
248 807
815 715
446 276
14 120
143 227
544 451
838 677
108 386
878 882
420 774
882 729
60 381
443 623
730 348
869 941
763 166
201 689
591 737
246 131
639 424
344 135
273 381
457 488
925 877
13 115
396 125
434 904
608 579
109 522
537 585
345 643
447 914
675 759
586 6
126 343
805 888
50 191
993 8
832 906
947 439
304 371
456 398
883 489
865 54
446 53
813 430
82 184
227 801
547 286
306 432
704 355
667 617
618 169
508 764
271 567
491 517
462 390
766 112
849 260
831 444
944 16
391 783
105 20
603 309
489 373
698 99
348 424
318 336
893 196
381 763
555 455
497 819
372 597
670 20
817 448
780 716
240 34
643 936
882 166
948 779
851 673
1000 37
858 143
489 544
589 45
561 596
694 680
683 185
8 463
482 282
100 861
617 461
891 186
394 708
485 790
132 160
933 770
146 180
293 419
518 676
79 630
227 419
530 206
491 502
19 431
916 935
365 167
494 655
173 793
913 399
892 550
669 864
1 853
473 912
754 515
887 765
28 342
606 159
666 720
829 164
257 25
13 407
607 371
153 812
500 157
447 950
908 132
839 924
202 291
224 215
718 373
710 907
433 125
879 512
240 577
926 691
504 438
42 830
974 863
906 647
634 512
449 848
750 902
923 668
600 575
261 615
534 374
188 694
231 624
807 427
720 467
208 263
389 350
707 239
673 835
980 825
238 423
935 455
669 311
859 169
38 974
8 653
261 37
523 350
651 869
356 229
673 173
198 640
103 501
756 582
282 679
263 744
511 552
347 539
206 528
294 847
388 79
942 882
119 55
622 539
484 656
19 593
803 796
866 408
649 102
322 909
346 576
701 330
423 708
429 519
175 103
341 331
675 812
536 607
601 127
654 243
657 189
341 316
680 874
717 689
434 116
978 627
500 467
429 809
856 43
325 232
723 957
874 435
154 672
933 378
22 75
280 534
334 713
135 1000
871 418
158 539
758 467
288 757
805 816
644 626
331 681
686 13
887 916
232 670
432 448
675 284
896 607
442 153
957 582
809 699
266 843
874 228
380 637
555 835
827 38
166 980
799 52
788 699
442 543
170 521
374 269
888 167
519 179
15 618
162 10
113 632
901 629
974 85
12 666
634 774
17 882
362 709
972 654
974 452
668 695
890 771
979 558
52 412
287 535
702 498
669 283
764 159
413 477
930 233
846 941
650 248
29 237
602 209
161 413
380 263
57 220
313 330
960 923
562 835
959 199
561 668
468 674
240 257
520 339
645 639
575 439
759 442
924 237
854 717
982 415
278 120
473 189
539 462
502 48
431 124
863 25
388 321
541 261
781 111
515 758
773 690
465 799
118 115
500 229
198 59
597 911
876 186
469 636
752 104
787 603
679 665
974 731
117 42
780 304
857 739
678 467
810 747
218 143
300 909
597 737
33 782
505 313
698 520
103 953
706 827
137 83
510 181
771 877
521 898
334 455
727 628
448 582
603 522
508 462
864 94
242 670
614 142
561 18
447 317
146 856
272 547
382 322
555 572
152 249
346 500
86 582
767 629
826 121
917 174
508 3
173 53
510 625
811 884
958 997
760 876
48 280
638 845
785 901
812 620
755 179
846 798
707 52
490 805
871 761
364 593
193 325
310 555
759 376
247 388
697 95
381 734
644 360
227 168
321 179
284 33
142 911
40 581
57 873
354 317
393 547
320 501
874 932
321 44
907 997
947 784
198 490
166 148
976 256
948 366
75 202
258 270
496 101
537 319
378 905
839 4
217 269
496 500
891 733
537 991
221 350
983 420
810 429
353 206
444 227
763 391
16 410
126 453
418 514
692 89
75 953
719 368
904 697
814 156
784 927
770 222
678 511
187 432
25 269
876 444
129 383
918 57
25 446
689 871
600 262
858 822
182 228
314 9
443 264
559 686
90 591
806 905
594 175
775 902
867 865
462 391
465 481
708 443
908 293
432 246
306 659
42 637
949 800
287 713
309 385
517 748
976 898
538 649
479 593
760 793
17 826
950 394
719 635
63 231
781 952
643 388
110 70
1000 38
506 691
532 205
653 712
721 252
977 778
1 782
123 166
472 878
364 708
661 528
137 172
972 357
251 218
269 255
778 913
308 387
825 287
40 545
477 532
350 770
740 398
706 106
213 10
145 218
723 593
83 626
502 120
503 465
70 796
339 864
65 444
655 325
514 635
821 621
900 380
938 715
597 982
486 431
411 345
50 443
661 964
162 833
434 986
252 821
936 424
455 624
349 237
282 38
232 331
175 273
749 652
733 263
311 337
528 515
232 788
269 893
572 122
810 675
939 973
120 937
407 723
546 669
447 53
488 717
110 708
236 519
681 662
847 33
81 578
353 805
236 918
864 407
653 441
175 853
228 917
559 563
819 990
949 915
42 593
115 957
12 613
309 485
632 256
987 800
574 517
627 7
367 777
976 253
281 749
247 302
780 753
219 265
826 275
739 558
303 828
100 28
962 339
691 915
13 643
363 706
19 14
539 711
591 646
873 140
834 921
459 575
747 908
234 873
55 837
773 42
761 708
669 969
511 185
928 205
86 165
142 123
751 701
554 411
925 128
108 436
842 945
114 741
579 629
273 26
937 51
477 794
521 488
174 810
191 712
875 363
680 875
934 800
847 705
60 149
978 624
212 72
575 508
628 976
991 678
374 708
780 269
981 508
605 288
435 472
395 838
144 70
917 725
300 825
528 476
641 659
54 840
883 416
165 545
136 825
234 68
672 842
879 261
475 195
901 995
560 811
732 489
327 967
205 423
872 764
566 96
857 305
953 349
493 364
8 588
7 774
68 880
234 536
915 793
613 28
932 399
377 796
484 960
391 628
218 52
792 251
332 12
209 351
686 795
925 33
798 817
973 277
223 330
616 46
119 101
602 65
622 4
493 944
27 356
9 977
392 39
263 860
299 660
731 668
166 105
613 720
373 667
47 222
216 218
442 804
351 820
173 724
610 809
187 600
136 266
174 838
377 442
710 276
527 838
754 584
631 818
767 466
861 777
61 321
823 461
862 397
610 506
408 424
687 354
32 696
461 669
443 126
262 470
870 827
597 593
304 216
563 538
235 496
516 553
477 339
410 412
913 515
864 95
862 574
850 94
832 765
137 537
599 569
840 216
533 155
496 62
479 751
984 938
524 370
521 716
538 690
707 793
251 757
253 351
430 621
941 744
212 776
836 450
160 931
493 225
21 698
439 735
299 424
337 893
891 434
813 867
397 539
713 746
753 437
522 528
337 654
618 553
657 687
693 25
532 153
843 49
74 602
40 582
60 537
687 748
194 467
711 282
839 19
327 13
65 332
621 41
770 667
260 815
745 995
9 687
801 603
804 622
218 767
96 297
865 392
45 638
373 913
374 458
946 203
748 195
330 10
671 623
148 744
790 299
648 434
919 182
563 927
710 260
628 703
681 63
352 498
188 872
801 903
400 792
883 491
966 808
286 308
768 595
73 559
642 52
71 882
466 168
656 504
968 442
665 126
353 762
465 480
965 275
510 432
537 52
385 295
498 360
480 739
68 938
175 918
604 228
37 913
869 216
797 363
431 561
358 599
888 607
966 790
232 34
363 840
255 846
170 248
303 452
855 251
826 495
936 80
122 896
798 777
158 488
716 434
679 62
517 175
773 53
920 663
133 150
835 260
46 832
697 491
493 888
104 425
711 254
87 544
103 731
466 259
991 30
922 563
840 920
469 352
554 198
338 605
688 768
1000 626
585 676
32 804
269 9
52 687
236 444
753 878
610 209
222 251
630 148
705 195
193 279
857 824
72 704
89 678
566 976
364 280
676 299
443 984
300 967
126 369
625 534
226 802
871 9
129 578
585 224
586 139
554 685
224 88
225 241
997 627
448 528
15 882
253 195
235 440
827 28
258 273
352 252
64 544
802 978
340 917
974 204
595 153
244 297
851 259
893 900
784 440
508 358
737 376
8 962
129 774
324 679
492 705
698 500
258 853
320 882
664 376
270 352
398 341
4 692
422 367
425 409
975 881
742 932
891 378
428 532
776 916
700 991
136 141
227 240
13 531
109 106
796 743
165 424
722 707
796 350
264 119
228 264
191 388
356 134
624 637
806 163
131 489
189 163
887 12
201 621
610 915
896 938
868 463
670 605
602 319
236 17
939 620
155 29
526 60
175 214
123 641
51 92
919 215
762 40
448 176
160 884
74 507
61 316
876 231
917 611
847 486
326 306
795 331
979 150
173 179
892 921
25 232
303 156
75 721
496 618
776 524
548 16
277 790
752 480
848 830
921 130
601 183
279 568
988 126
550 989
419 173
499 4
168 619
22 282
171 700
614 224
766 63
381 3
699 98
919 486
152 159
2 609
884 221
656 750
821 300
159 437
806 688
641 489
898 551
42 709
780 770
889 690
949 136
733 609
220 596
168 935
225 842
564 497
413 475
933 644
481 845
479 846
723 683
655 843
473 481
347 47
483 24
708 967
238 562
431 280
179 307
497 436
574 136
78 763
322 313
910 430
108 266
113 228
547 963
721 485
687 696
675 150
504 743
636 784
839 397
456 842
455 388
762 874
251 483
434 129
87 857
348 607
335 379
409 453
586 271
750 739
329 318
258 226
923 252
703 716
382 821
500 160
546 992
205 256
966 77
697 840
221 26
993 481
978 375
300 911
876 346
789 445
239 799
849 738
598 779
124 954
220 69
461 877
707 621
328 62
846 416
467 921
768 367
158 934
585 410
49 695
941 453
889 620
873 407
654 986
949 970
570 401
862 857
497 955
232 184
894 334
242 977
314 450
869 52
122 651
897 321
294 275
464 490
673 250
211 807
450 53
623 106
76 223
446 57
990 750
57 254
303 257
866 495
319 747
30 602
325 618
677 389
492 205
665 793
689 954
543 792
624 788
859 141
339 1
908 558
212 419
550 660
515 724
163 658
863 140
831 4
667 433
174 867
839 151
382 966
454 435
936 462
35 392
326 249
481 96
745 723
672 695
816 760
352 341
313 260
841 247
866 885
960 242
818 240
712 627
932 120
1 266
989 121
195 261
349 474
27 602
879 606
154 843
29 589
660 953
513 256
521 781
280 925
979 116
339 442
620 601
641 484
200 148
409 680
775 646
250 978
414 187
932 572
458 971
516 947
390 672
419 720
635 630
7 841
411 576
928 598
821 405
460 19
703 977
959 59
337 856
341 880
366 292
54 415
366 413
39 457
100 201
566 506
860 707
493 998
310 676
403 258
815 457
101 435
70 624
383 170
386 595
556 603
84 436
247 136
763 778
415 972
222 478
973 574
83 981
183 86
305 530
506 117
144 912
17 422
437 961
926 641
522 569
174 780
150 261
87 769
810 508
633 695
10 904
992 104
880 104
37 141
934 917
993 335
596 156
461 811
914 481
977 530
213 6
27 792
340 321
732 963
656 457
935 862
728 424
311 192
3 275
953 444
6 630
316 853
418 774
149 918
45 37
391 57
548 76
897 860
426 668
763 993
417 439
695 28
550 769
86 541
992 444
556 213
194 946
582 513
824 613
413 862
367 157
423 95
261 256
501 907
941 670
64 894
138 221
183 281
30 71
927 991
750 342
272 779
807 309
479 964
601 742
11 438
547 712
289 200
243 385
851 534
265 39
692 378
677 746
791 771
536 230
544 689
906 312
820 166
61 34
455 125
256 605
811 493
479 11
834 6
941 866
263 890
624 638
768 440
971 227
739 159
951 879
687 679
748 983
291 750
53 467
536 563
791 709
335 354
904 55
389 561
728 347
856 272
397 486
970 312
552 864
611 38
353 298
425 997
839 206
995 998
41 149
792 891
465 791
65 271
166 527
559 44
266 645
109 719
277 259
120 856
569 798
784 985
268 202
362 253
664 703
663 435
171 913
500 99
211 496
33 976
803 212
895 442
953 679
954 328
241 390
103 279
286 269
59 411
628 406
665 132
595 199
528 252
950 167
741 738
137 588
40 114
104 761
432 176
270 688
349 597
479 538
872 766
29 855
695 262
426 253
202 873
958 972
389 447
375 842
267 991
696 571
824 496
642 545
422 313
137 447
467 928
926 249
780 712
252 102
848 421
104 181
214 46
365 82
276 581
618 690
65 830
14 241
397 727
769 588
420 520
575 960
373 744
670 412
838 546
621 434
990 889
222 263
652 802
940 620
912 575
655 409
587 511
536 527
647 773
249 276
184 854
620 381
362 331
119 265
757 948
689 700
999 987
1 439
714 857
326 3
398 908
862 372
745 869
83 266
266 726
563 20
468 208
508 773
269 929
566 921
787 604
257 953
313 997
191 972
340 266
624 181
73 177
753 557
790 252
885 50
61 432
46 92
283 634
379 897
196 713
586 81
634 357
656 15
340 744
107 303
977 783
571 380
495 844
116 23
572 770
496 885
760 34
121 616
448 712
305 337
759 817
318 553
840 41
826 4
771 669
612 565
977 496
232 185
306 972
552 524
83 882
389 403
854 713
86 807
12 702
217 692
623 4
898 699
884 464
502 599
102 573
129 623
574 683
318 101
856 908
393 178
209 566
655 174
802 334
34 676
734 941
679 20
61 733
147 655
66 117
506 380
164 730
352 874
518 301
276 712
47 783
982 446
394 703
89 61
861 679
769 985
644 211
683 247
520 449
39 667
959 986
304 860
705 851
605 674
472 34
188 294
20 737
763 186
731 920
240 925
781 752
971 157
715 396
465 905
463 130
806 980
959 873
329 170
421 666
81 697
188 251
745 722
671 766
448 872
726 639
436 269
770 221
573 264
26 125
742 438
606 848
3 327
581 158
54 822
202 749
497 747
738 427
940 819
137 938
301 231
174 399
896 393
716 778
224 924
98 957
553 717
158 899
393 502
73 745
883 184
702 732
522 430
888 226
137 644
340 849
803 347
437 249
119 491
780 633
582 693
569 762
328 648
177 292
294 429
96 420
75 212
480 963
483 484
691 779
717 541
128 367
310 923
375 552
385 624
649 259
99 724
405 637
337 863
268 863
986 68
489 548
570 775
792 309
351 330
111 951
261 94
178 684
837 811
335 178
458 396
316 546
407 469
924 161
526 125
891 190
408 806
307 161
403 370
865 604
124 298
725 315
874 903
463 832
74 719
938 916
152 801
924 71
981 18
106 700
568 489
273 51
922 672
117 348
865 631
743 568
563 174
808 327
471 463
190 539
672 502
378 795
931 515
594 699
421 301
266 750
936 678
992 898
153 816
429 227
72 928
236 755
972 653
102 204
653 212
840 421
439 191
28 790
893 672
840 308
876 562
658 765
79 325
944 466
287 423
567 208
515 429
239 131
901 908
793 19
557 26
584 136
289 892
642 824
575 609
884 251
742 233
963 236
841 648
570 86
916 190
777 912
635 676
281 577
817 407
341 561
108 860
732 294
848 299
202 406
906 199
285 10
722 415
778 413
237 836
692 379
855 153
324 583
319 844
623 274
346 810
620 50
536 790
424 720
42 35
532 111
349 854
13 610
75 425
956 534
652 831
999 817
908 657
472 107
493 747
369 805
334 785
958 335
340 162
89 486
278 25
697 743
593 598
558 544
302 354
838 368
4 685
644 969
347 987
942 306
134 927
526 429
839 862
559 47
364 397
511 334
304 416
343 513
515 90
205 608
779 721
27 660
245 352
896 595
325 391
842 307
889 884
158 825
234 67
785 593
718 273
595 198
210 216
193 942
324 80
797 14
715 865
180 75
280 982
922 397
814 663
449 929
102 933
202 775
719 798
135 313
817 290
157 257
33 275
894 966
557 288
172 834
998 498
251 859
224 402
586 752
200 395
976 220
265 241
972 872
61 583
940 462
904 300
604 611
623 193
271 92
905 50
726 202
708 961
307 872
808 707
166 29
750 220
242 367
190 919
908 486
787 163
660 659
717 926
706 81
449 184
271 483
57 563
633 524
479 268
193 179
915 428
37 98
648 473
826 721
230 541
503 523
877 506
294 738
448 158
14 733
967 265
715 368
53 889
365 695
153 895
248 315
376 368
35 383
309 836
677 399
199 560
404 552
187 424
653 139
512 801
343 549
189 202
992 41
504 387
396 267
417 438
685 139
337 293
284 804
1 55
861 458
167 729
135 127
138 289
627 999
608 87
736 28
539 409
902 295
689 426
376 923
917 170
665 385
209 13
20 35
39 193
65 590
578 868
750 271
996 139
215 250
8 329
606 339
879 339
989 923
350 923
27 468
906 497
652 594
708 549
126 930
870 409
739 841
186 762
1000 379
929 801
970 415
753 101
373 980
449 132
804 538
456 872
74 315
754 393
977 750
28 216
328 816
252 958
221 297
891 721
952 587
457 403
19 628
918 352
830 940
746 555
411 494
642 382
790 302
978 710
465 537
781 105
355 419
260 680
300 811
446 974
944 344
16 259
124 984
452 967
167 620
757 380
504 270
823 97
326 699
243 107
560 871
79 273
928 795
780 788
345 703
36 484
310 207
148 158
168 692
300 433
24 19
924 766
138 39
525 953
584 75
893 223
612 697
831 153
959 468
707 135
786 522
750 299
394 278
26 129
82 539
712 382
622 225
661 427
96 643
632 565
635 854
48 614
308 24
592 843
338 935
946 678
910 501
588 247
756 781
631 179
155 276
943 375
469 252
807 804
369 824
206 765
359 733
1 831
473 874
540 16
924 503
429 943
1000 629
675 811
433 436
37 58
903 843
213 547
76 174
420 5
349 233
477 980
154 489
117 822
325 128
328 444
828 121
227 610
67 985
844 971
801 823
997 306
615 944
672 580
503 902
605 250
474 620
236 515
534 190
979 989
338 47
157 617
874 141
130 18
451 340
470 720
70 510
757 336
480 420
818 234
447 736
728 586
586 872
789 213
607 818
50 832
512 678
159 333
91 395
811 914
637 619
800 323
121 656
730 750
585 289
508 208
205 16
883 496
798 63
836 502
820 531
177 567
15 307
848 986
811 176
725 922
318 448
655 963
830 383
337 698
247 475
484 959
32 296
790 33
821 24
39 381
243 537
773 133
521 372
282 672
906 294
88 751
198 532
39 380
925 379
562 532
473 164
97 720
596 766
562 954
265 656
99 501
94 231
511 670
792 607
443 573
540 965
833 117
597 148
635 449
377 305
340 163
390 308
698 416
97 946
460 561
631 949
944 853
652 542
361 997
142 264
353 153
724 376
887 732
430 7
303 895
126 199
344 836
142 443
92 738
830 612
463 69
545 756
931 655
126 257
953 971
736 565
940 583
425 534
966 503
179 547
897 668
456 380
989 14
610 325
629 39
707 741
317 625
90 737
103 369
239 448
8 3
542 954
33 583
487 694
879 656
920 457
187 218
659 868
456 169
315 382
941 478
194 613
341 754
57 299
609 342
315 751
723 754
358 643
769 390
309 453
924 550
427 6
465 207
694 202
466 691
30 304
308 178
950 737
515 453
846 950
522 40
856 946
911 254
548 772
255 912
825 121
162 500
20 477
705 723
99 380
852 678
127 977
480 762
648 877
981 263
730 169
895 593
346 702
221 546
574 126
796 44
85 19
910 92
363 337
316 201
916 876
285 706
624 890
587 78
861 611
516 66
458 54
866 155
245 206
190 577
106 516
748 219
325 806
364 204
558 940
183 151
427 991
508 775
948 548
108 201
369 691
960 122
232 961
446 777
408 844
857 742
272 92
308 810
233 924
996 899
322 922
343 548
54 697
182 354
314 794
46 461
451 415
609 39
186 208
449 866
908 431
126 110
988 93
791 482
281 365
569 630
606 551
590 936
348 339
663 548
391 801
586 563
203 669
935 676
296 1
704 682
923 968
742 875
141 907
976 810
82 677
484 17
911 310
103 761
950 338
533 490
845 8
593 55
21 710
46 875
802 477
678 616
57 146
20 258
489 379
388 238
856 910
838 866
216 493
307 982
163 371
333 598
375 228
344 337
329 643
402 81
549 987
673 330
587 268
74 681
981 124
79 943
606 395
181 580
182 843
973 744
316 237
982 670
674 711
610 201
203 357
973 889
155 198
801 712
179 204
74 26
387 507
61 240
780 322
874 613
639 295
400 126
554 915
666 129
921 428
760 388
558 827
529 215
123 936
624 211
292 139
674 236
536 144
358 188
110 813
310 307
24 600
315 107
561 343
409 994
713 108
568 873
3 470
723 455
651 290
451 264
138 450
230 164
270 767
785 681
897 23
201 418
974 103
333 165
261 408
784 495
437 199
718 104
495 433
336 486
431 921
750 697
508 60
241 351
756 330
243 313
94 493
561 876
345 457
643 942
823 548
481 793
464 457
191 142
329 861
55 975
792 311
955 709
373 570
906 259
159 94
602 146
431 364
124 210
731 314
437 699
721 344
56 481
222 306
632 788
193 88
341 448
783 153
878 281
492 44
98 215
528 922
446 645
430 270
468 965
731 585
606 359
551 290
322 542
132 951
109 966
221 268
478 133
889 290
389 764
377 118
776 310
516 711
946 122
675 520
642 323
145 281
240 665
442 429
596 14
992 883
573 298
810 684
685 304
135 104
921 170
116 474
35 751
304 29
351 153
127 762
595 44
867 819
483 838
714 626
944 403
901 906
950 164
525 682
521 703
885 556
124 306
620 719
180 716
466 804
391 766
833 64
372 695
413 499
329 1000
555 182
48 18
649 317
405 671
695 626
238 139
114 429
816 681
342 165
580 142
460 272
796 346
638 122
114 655
317 490
231 606
448 359
800 12
431 102
606 432
623 498
492 16
138 66
888 821
481 737
958 333
103 936
680 705
143 707
61 86
984 776
429 914
743 594
305 652
142 265
164 321
931 259
259 111
903 686
300 641
672 276
585 981
896 920
140 383
511 251
614 600
687 228
943 846
446 786
568 596
36 824
927 346
641 613
444 390
864 280
513 419
989 190
537 293
106 116
272 430
491 562
955 99
774 485
561 488
635 314
450 408
31 341
253 453
846 790
646 818
522 356
559 835
837 685
959 130
695 259
733 972
664 237
259 819
206 884
816 920
530 682
876 980
590 158
497 253
564 509
837 975
472 525
828 163
952 279
707 495
122 597
983 362
575 982
783 51
108 759
164 673
4 970
868 137
62 192
523 606
483 109
247 220
882 861
649 132
969 935
326 356
754 355
985 141
269 252
108 36
844 368
187 607
829 4
500 398
374 483
411 151
395 554
469 405
326 6
629 375
334 525
500 317
351 381
326 789
123 542
567 545
24 863
97 191
413 367
980 118
451 608
783 661
538 165
329 28
700 117
576 11
139 271
56 148
503 984
172 333
591 917
945 203
563 676
766 381
609 38
774 566
885 337
499 394
808 820
968 387
179 732
24 283
650 170
81 798
776 778
33 723
931 230
626 754
145 813
81 175
483 751
220 278
267 879
508 25
989 582
873 902
6 379
479 793
595 544
778 448
427 242
545 459
53 84
327 341
453 938
612 485
280 496
688 477
933 996
142 794
91 958
347 552
631 312
82 855
221 776
85 212
695 915
316 904
249 475
48 732
753 27
436 273
511 895
247 849
13 825
769 293
19 408
722 23
832 453
26 388
268 329
936 291
475 334
541 404
896 977
804 762
342 681
625 259
574 452
871 258
505 509
692 919
181 752
738 213
41 867
206 423
889 103
526 282
527 583
81 298
426 898
870 841
477 463
106 170
128 536
455 825
443 145
82 1
118 541
10 354
839 727
569 940
886 784
811 539
79 275
707 986
802 826
155 432
733 786
571 123
699 174
334 199
483 523
963 245
51 975
819 889
717 318
258 987
512 506
397 856
264 777
682 550
626 843
683 400
367 859
722 438
685 706
579 67
215 791
394 636
472 884
454 580
346 853
19 105
203 196
369 220
976 452
761 818
43 799
372 993
913 437
915 419
973 425
649 115
671 199
907 775
843 901
492 45
451 3
459 956
527 231
251 318
52 773
532 527
240 45
169 103
647 846
118 2
555 579
268 365
145 510
532 766
754 570
320 100
438 302
306 11
546 949
418 196
145 280
862 447
165 725
136 549
799 426
510 21
41 173
558 199
26 92
852 480
214 777
115 884
10 456
567 749
15 889
434 536
262 290
763 997
103 380
343 461
56 757
239 140
362 857
716 952
642 823
212 773
862 906
738 684
698 14
607 978
719 692
802 91
621 902
90 254
306 915
609 554
393 320
756 687
680 985
301 652
621 535
696 658
380 139
242 100
596 939
794 831
1000 8
232 572
859 223
26 824
133 100
124 247
199 231
476 872
389 795
378 134
911 954
856 784
152 913
910 70
164 620
271 392
227 452
64 387
856 276
967 516
450 573
454 221
37 75
956 887
939 611
173 635
283 455
856 387
127 973
586 276
145 474
933 1
444 50
887 734
230 711
639 361
338 251
861 831
957 767
554 985
465 982
835 944
585 933
527 526
128 674
770 785
239 748
98 316
286 599
880 886
793 801
953 814
548 29
790 989
679 929
447 689
709 46
413 993
345 987
172 563
681 517
974 130
305 297
219 175
116 221
542 977
124 736
654 963
200 208
312 490
955 320
797 701
431 995
233 936
586 620
258 899
997 86
12 929
496 22
802 68
955 558
295 1
668 573
890 893
328 140
266 281
195 373
256 287
76 176
424 913
612 450
320 706
262 741
949 437
313 339
497 478
5 13
332 454
321 168
982 39
588 170
442 972
636 190
655 116
617 400
19 270
581 852
912 563
198 272
777 119
700 562
143 550
184 429
493 605
657 146
72 654
967 373
199 783
205 846
101 781
58 492
946 176
549 21
952 545
75 914
386 91
223 124
545 662
359 90
73 181
992 845
165 749
187 429
814 250
451 496
76 931
719 187
944 703
50 814
602 407
521 907
724 850
284 854
793 200
64 924
86 601
654 991
732 459
163 960
336 508
375 949
447 24
858 401
648 719
243 351
246 898
393 980
993 755
225 873
428 586
569 444
328 590
858 518
95 712
679 499
599 232
792 332
756 901
905 83
501 530
11 130
507 161
90 379
184 252
887 66
744 980
97 542
977 594
544 475
856 416
83 716
504 631
286 979
514 622
217 278
210 261
921 656
973 887
282 858
934 866
60 91
334 622
619 812
349 51
900 677
751 166
70 262
733 478
330 467
23 500
785 397
132 960
116 119
228 617
300 142
233 181
675 426
382 278
2 768
353 764
673 605
746 125
675 59
145 776
664 776
920 178
370 345
423 289
108 847
909 710
166 492
719 723
9 454
802 29
489 270
518 193
59 556
119 404
817 504
871 645
30 511
74 823
859 100
935 424
518 80
392 312
79 992
470 81
766 713
873 946
843 678
401 335
536 830
939 203
338 930
411 786
564 212
468 737
688 257
181 644
511 653
520 274
58 512
406 555
802 419
230 879
263 930
584 335
450 679
108 335
364 993
33 254
671 523
151 861
597 253
448 396
840 926
839 80
203 434
169 102
425 908
99 229
544 86
654 31
527 791
930 863
308 607
867 232
869 858
412 525
571 764
758 66
409 305
209 357
88 368
876 249
92 648
329 74
941 456
442 427
870 923
620 246
399 827
244 226
406 177
413 619
451 456
253 876
25 99
233 256
954 483
646 554
780 164
768 676
181 401
805 759
918 830
301 856
433 14
426 443
2 17
555 13
585 294
270 584
128 33
827 353
171 389
155 792
137 309
290 269
916 41
424 807
77 979
522 160
708 203
87 158
953 36
772 552
21 764
872 52
265 42
290 593
345 340
933 635
19 23
955 739
373 622
797 28
514 990
782 368
837 779
52 85
916 766
593 287
846 635
207 747
796 340
669 962
468 773
531 33
972 181
612 156
351 72
118 333
946 472
564 95
736 908
181 521
679 318
916 988
190 729
981 50
231 439
235 816
805 484
143 717
936 365
557 712
574 163
631 950
483 829
718 814
667 124
877 419
5 910
486 813
857 655
62 832
213 732
590 518
768 684
840 453
234 60
236 610
46 295
140 792
988 116
400 757
555 699
239 306
811 725
996 607
138 265
727 473
528 241
662 364
675 566
101 142
893 930
292 641
389 297
889 715
964 147
68 1000
90 800
536 442
829 414
104 924
565 817
161 75
470 191
328 708
940 315
621 1
82 591
545 301
836 356
566 133
380 168
846 35
254 721
147 249
664 397
60 814
367 914
243 608
372 772
506 754
769 726
648 897
62 119
804 780
808 711
347 639
853 51
702 167
632 735
706 58
372 986
928 224
490 945
643 535
117 766
644 21
472 75
182 906
856 497
840 982
161 977
255 465
165 57
477 887
886 221
779 821
282 839
675 188
796 248
487 130
804 694
108 181
224 474
832 153
689 512
597 919
840 692
89 736
455 561
758 138
406 31
889 73
321 565
822 919
309 832
456 268
93 41
25 313
908 68
840 402
990 472
177 537
996 797
153 157
828 621
305 106
785 416
847 735
976 737
854 774
499 581
623 782
236 981
385 163
206 5
300 58
817 96
104 730
910 822
140 610
312 391
493 282
370 133
78 242
761 633
157 225
569 737
733 558
313 35
756 369
959 444
391 570
146 645
719 540
722 464
850 669
546 98
485 438
103 843
237 213
163 654
848 390
272 40
298 107
707 461
894 957
685 759
829 610
77 765
959 227
962 5
86 117
108 725
949 313
631 171
958 41
297 395
326 311
347 712
202 450
781 417
622 773
806 124
338 624
1000 541
784 602
982 669
674 706
783 420
365 629
480 858
795 122
335 301
959 679
230 573
356 840
50 399
841 488
945 442
504 854
766 594
325 168
188 846
444 288
430 173
32 620
330 321
541 805
504 52
675 335
343 709
698 564
239 404
754 984
131 641
241 567
136 873
755 281
585 94
343 698
591 80
850 170
443 256
634 757
564 340
486 166
609 433
771 990
785 56
655 676
15 517
453 584
606 518
721 808
613 490
6 200
964 68
882 509
168 839
133 731
45 511
313 63
684 218
8 523
209 254
834 823
983 462
750 303
533 267
347 360
590 212
226 603
462 587
470 86
109 494
238 242
403 411
497 20
690 436
8 361
775 467
100 247
623 261
860 729
312 991
185 343
942 863
35 897
651 579
297 374
113 213
802 763
583 808
401 233
611 419
395 55
170 295
173 644
890 374
502 112
625 195
700 763
792 758
498 747
796 134
268 367
623 697
934 828
726 690
13 61
553 24
819 509
487 91
14 665
917 584
884 669
591 38
690 114
505 264
359 157
775 687
779 680
31 207
1 360
55 213
813 393
339 382
842 363
36 294
55 74
722 116
681 952
223 885
498 308
12 398
159 329
641 474
716 954
141 691
833 882
926 485
608 130
220 728
572 549
497 837
794 539
797 328
135 353
926 116
806 542
919 981
223 440
82 616
85 455
915 882
328 568
510 768
204 475
394 986
172 633
462 465
428 531
438 432
712 414
878 111
644 483
38 854
55 812
702 313
136 218
925 454
832 465
692 503
988 908
858 27
198 520
42 44
501 457
707 274
467 601
862 909
623 398
556 565
69 646
325 556
199 7
809 855
333 893
984 203
576 917
79 706
965 749
520 252
39 956
84 27
83 675
729 298
53 864
633 966
573 828
27 845
448 806
823 481
190 384
619 132
430 229
303 601
605 169
590 519
277 382
893 750
529 813
914 737
849 520
799 174
1 229
171 693
427 719
411 290
401 936
771 534
336 643
813 143
621 838
567 416
219 222
672 307
634 783
146 695
195 89
181 150
882 261
116 552
944 160
530 681
833 632
975 941
484 968
971 470
33 225
734 955
660 954
55 816
423 812
62 116
577 330
646 268
472 569
711 302
318 402
161 758
455 492
846 711
722 817
448 326
753 973
169 44
153 695
65 451
411 251
269 249
622 729
701 214
443 714
373 901
468 111
219 379
832 154
728 91
677 756
307 344
571 551
476 289
593 855
334 643
965 995
510 200
537 740
101 749
689 993
893 513
487 496
185 706
365 980
614 421
447 582
101 248
698 896
422 768
512 580
852 464
37 643
281 369
300 59
46 691
936 563
23 705
941 318
86 607
106 265
716 962
788 471
792 320
475 84
63 869
233 906
142 588
556 42
561 220
321 511
396 363
54 283
627 455
102 137
264 841
816 790
194 150
342 6
593 68
316 677
669 103
194 9
720 13
345 147
329 822
312 964
89 818
207 829
189 258
986 140
160 31
722 642
464 670
344 452
403 717
499 864
211 348
781 416
765 913
278 3
766 881
421 827
830 966
47 472
178 89
89 338
640 846
644 910
26 165
671 599
840 721
144 216
771 5
353 54
302 121
698 752
995 624
338 181
214 992
503 953
396 341
225 237
67 542
197 143
837 447
42 979
647 178
552 271
887 970
685 908
500 758
926 398
656 670
154 22
381 181
531 187
29 718
371 835
462 686
444 909
428 266
272 806
347 250
989 679
427 66
377 883
933 756
589 82
212 383
265 12
110 62
591 693
461 432
119 180
569 79
347 521
630 544
830 422
622 964
214 490
904 179
853 240
178 904
696 53
606 472
471 857
221 614
645 132
95 93
374 12
545 784
31 741
692 161
341 445
736 849
883 994
99 231
786 493
571 641
251 957
169 501
649 931
1000 905
683 652
351 554
45 747
818 941
47 365
50 3
624 100
642 351
1 589
116 175
763 275
852 124
67 988
13 286
1 510
737 948
25 496
978 310
267 415
213 695
269 709
879 522
594 870
828 938
682 613
875 851
750 797
556 430
957 937
193 964
340 925
824 782
993 893
51 959
471 106
733 883
214 456
984 791
659 557
733 996
935 360
222 137
732 270
564 630
46 965
674 498
787 589
295 30
208 128
957 163
987 820
573 100
648 536
423 186
669 190
711 551
893 448
843 759
330 526
759 315
905 24
635 777
51 488
837 777
347 533
938 80
151 925
83 827
869 696
212 204
731 651
324 867
386 526
540 851
852 621
464 614
849 782
769 795
116 371
442 777
65 486
216 118
568 395
553 345
112 7
776 248
834 338
161 932
182 718
743 37
771 447
665 620
10 855
463 211
12 78
783 524
571 538
166 950
61 308
724 500
706 523
418 579
794 230
886 256
796 568
709 265
303 600
420 260
810 652
997 526
135 883
173 60
524 980
763 676
184 959
701 742
280 830
816 336
12 333
396 748
35 52
993 808
25 238
390 765
11 15
346 434
723 368
854 986
301 954
181 356
665 431
629 614
706 179
581 771
172 763
895 384
422 673
211 509
320 807
941 763
336 928
965 477
81 498
389 457
824 358
665 634
25 731
158 409
161 427
949 434
143 111
20 474
938 165
239 459
925 425
500 952
674 875
666 805
792 482
851 103
581 113
706 56
670 391
484 702
713 928
273 979
551 384
984 581
27 236
928 81
765 908
622 973
900 31
714 338
422 770
388 331
563 383
30 768
273 253
257 656
919 130
575 748
605 633
952 949
294 740
260 924
11 542
448 148
835 768
88 187
831 761
457 74
338 319
588 591
828 62
760 476
746 723
451 501
845 669
663 629
757 497
81 624
758 938
68 266
879 578
383 691
276 351
477 426
914 13
944 257
68 153
345 820
824 710
92 182
555 566
457 535
205 497
387 892
390 77
85 811
102 891
31 309
324 449
646 786
814 548
30 119
198 917
579 907
842 789
437 31
799 152
483 497
375 807
11 358
109 375
935 385
4 741
133 903
405 610
941 624
357 377
118 675
413 439
363 756
697 244
698 295
590 361
759 370
907 561
105 609
86 564
894 931
521 183
613 793
616 115
449 124
345 3
74 579
290 900
21 788
759 400
282 532
836 26
946 527
823 977
95 120
173 670
688 654
248 564
13 821
126 646
735 40
539 236
175 33
773 668
153 515
596 273
689 721
246 158
946 192
396 225
839 143
363 94
259 171
836 663
304 512
13 104
126 499
914 501
697 771
629 504
975 236
637 989
268 58
35 257
148 608
274 999
397 158
576 107
673 931
957 674
283 607
931 987
235 326
322 681
723 93
580 434
859 621
344 718
914 806
20 649
186 241
296 593
558 393
321 681
470 569
966 722
132 850
690 656
394 85
432 224
907 350
96 349
759 786
188 677
357 42
270 627
698 118
367 129
774 195
902 404
209 99
707 252
455 610
376 556
103 651
452 385
592 684
259 783
940 366
66 287
690 837
584 448
512 109
272 950
705 636
461 478
524 641
859 247
971 401
863 647
976 41
481 909
43 898
579 212
583 516
858 5
626 41
455 145
699 735
612 20
26 851
383 419
930 521
15 153
19 218
187 844
973 421
285 611
969 914
252 762
145 208
649 192
9 865
87 184
395 740
476 597
921 704
496 736
614 855
43 590
9 754
857 918
400 177
847 759
706 693
424 198
867 378
657 731
969 302
865 141
547 457
13 285
415 409
348 940
554 515
444 511
124 907
400 998
712 597
55 215
261 692
44 324
541 952
890 528
249 642
638 356
529 976
317 580
989 198
526 994
77 824
211 314
619 329
413 906
234 249
732 104
1 8
485 8
453 554
345 157
466 91
119 599
615 370
798 150
486 418
90 843
110 270
485 234
983 127
306 911
230 329
205 155
812 389
9 368
740 50
43 802
185 407
99 761
686 773
340 835
363 700
75 320
886 520
246 747
138 950
12 931
967 841
40 632
170 487
299 649
816 573
750 154
203 117
298 323
227 123
464 615
506 46
786 44
36 595
146 143
916 991
23 311
504 579
636 884
384 892
783 361
108 61
400 270
763 77
499 968
500 439
672 998
468 85
16 318
948 479
893 876
908 893
936 398
934 937
884 588
666 315
832 47
779 1000
710 192
123 998
74 174
954 208
405 326
323 581
213 729
913 755
384 463
917 731
411 106
945 162
448 966
15 808
589 755
1 330
24 661
101 425
266 894
563 764
802 924
763 58
997 751
799 57
638 19
489 24
253 111
127 618
59 794
844 508
171 708
929 496
380 854
370 156
542 868
727 312
328 888
369 348
298 488
205 46
759 587
134 234
769 265
845 30
367 814
538 582
812 361
270 325
477 450
54 428
60 809
43 957
480 881
941 924
669 706
952 395
327 509
76 3
169 999
226 752
522 933
825 236
330 690
576 678
856 726
718 38
820 208
679 334
911 645
333 910
338 760
445 52
925 714
880 379
237 306
222 414
539 328
578 238
796 89
584 803
1 889
990 899
648 448
387 116
117 285
689 692
237 517
863 439
667 417
516 223
402 602
296 58
593 964
529 92
435 401
457 73
610 1
946 63
862 379
700 114
541 611
250 515
791 417
202 366
130 195
484 162
228 738
101 636
400 252
266 899
50 810
953 715
223 937
728 665
124 546
984 515
128 863
718 372
84 620
33 726
735 695
287 841
581 390
322 839
917 66
368 971
116 829
120 312
570 422
807 407
384 23
349 945
708 104
447 4
879 1
203 608
756 380
793 494
483 496
263 502
530 651
837 541
768 60
493 215
61 880
467 836
177 962
846 442
34 845
453 917
740 994
261 98
337 644
764 37
693 111
768 346
238 836
773 199
479 58
134 387
674 908
913 460
476 812
317 994
133 201
173 780
709 874
65 376
581 397
994 411
400 69
602 333
51 193
668 112
47 117
677 238
101 988
173 447
669 602
261 908
430 470
344 147
217 395
753 713
611 247
649 534
784 891
641 902
179 835
662 892
925 43
847 304
328 278
357 546
120 920
488 732
396 343
201 249
421 996
427 619
970 655
628 423
370 627
546 622
440 637
132 257
642 434
218 341
232 511
582 387
489 464
183 332
24 491
388 628
305 454
894 256
519 7
595 997
428 660
195 19
903 913
583 736
116 567
411 603
734 855
807 153
152 365
449 317
322 37
125 912
364 680
430 885
759 337
862 695
742 513
964 539
458 436
510 965
778 707
392 26
691 606
89 240
680 368
873 548
773 76
876 436
778 594
763 112
450 675
911 978
400 404
962 67
844 471
134 649
835 556
484 643
565 347
435 772
515 682
522 805
949 209
419 139
100 566
675 976
397 74
193 121
837 855
59 112
874 560
395 617
586 176
884 617
701 909
773 512
938 6
546 974
49 750
892 792
931 664
350 791
782 609
144 85
988 334
75 559
426 867
888 330
852 493
671 875
799 294
512 992
529 838
235 293
254 3
640 669
224 82
222 573
741 531
558 59
918 789
67 764
563 739
323 646
223 993
791 435
323 791
654 889
548 196
600 944
825 569
537 109
204 884
832 575
337 247
543 67
157 388
485 55
15 538
916 215
510 474
572 689
385 281
850 943
725 833
234 936
780 902
195 126
972 670
710 265
994 451
333 468
427 19
64 887
170 257
632 964
8 554
119 372
636 322
267 571
750 462
189 614
250 51
308 84
19 27
668 500
373 618
393 242
269 415
844 21
169 795
99 470
891 82
29 319
235 534
397 315
125 662
643 575
695 878
536 909
189 121
722 840
249 406
726 896
435 105
576 633
494 708
66 855
984 206
86 402
434 147
171 351
221 761
627 874
848 909
503 567
923 125
27 32
302 362
585 590
676 403
179 157
274 763
368 226
299 852
563 3
984 492
213 902
196 912
12 517
635 649
286 713
805 851
308 861
991 568
690 21
528 440
712 549
944 920
280 657
736 161
359 504
432 508
70 322
435 707
771 893
261 663
953 543
185 901
292 943
756 212
478 822
488 818
954 179
239 175
721 740
158 963
912 932
73 681
771 680
14 425
564 677
785 6
547 945
51 699
73 907
475 875
722 488
979 277
372 657
642 681
517 971
209 340
941 923
794 192
527 358
341 831
270 245
788 50
40 710
995 725
919 728
756 942
456 646
907 612
982 56
160 239
952 123
293 269
481 549
853 197
639 756
51 375
568 75
566 554
885 782
761 606
597 192
381 897
365 508
494 736
172 835
761 463
652 682
264 379
602 281
952 640
886 209
467 197
343 878
400 250
363 5
678 380
993 398
477 21
316 405
451 614
326 794
553 230
662 960
594 522
379 920
984 742
303 638
876 332
770 97
19 943
59 234
41 555
113 996
376 86
598 769
840 485
986 61
697 162
720 843
847 226
831 681
779 322
785 565
723 137
537 436
867 881
263 66
736 20
239 195
99 884
315 659
278 517
308 14
291 939
859 862
72 444
842 640
744 398
67 99
427 125
534 677
629 745
647 510
15 368
787 267
246 566
483 320
944 676
730 963
755 480
234 754
39 479
466 24
885 945
119 173
48 963
32 343
786 960
423 973
814 972
545 47
564 253
52 9
290 898
184 129
702 71
778 703
123 500
71 108
934 42
739 222
557 849
961 72
270 957
986 941
734 327
592 300
425 923
388 297
646 493
355 342
378 925
790 452
238 641
728 139
670 786
72 687
839 137
911 524
382 972
576 847
297 354
139 579
892 757
608 592
662 893
455 529
297 499
351 576
745 729
948 694
166 735
321 17
988 282
387 559
569 837
499 108
393 575
36 286
681 576
251 375
63 932
616 277
413 853
196 91
436 746
738 642
685 905
483 561
644 8
618 444
485 99
72 472
368 895
152 821
281 620
944 156
52 425
896 95
509 750
94 804
720 371
209 242
781 940
543 285
341 917
953 19
259 926
692 360
488 454
825 73
555 208
939 177
703 40
704 986
742 518
365 403
433 611
556 702
173 990
105 990
592 234
960 590
902 609
914 242
246 431
319 561
748 997
911 989
938 925
852 955
655 375
486 585
807 685
424 426
481 335
706 256
320 203
240 946
294 723
620 461
841 392
736 690
538 488
840 752
88 373
567 615
970 127
586 47
954 459
221 88
944 749
762 364
983 580
559 695
469 794
220 144
718 403
865 109
884 959
477 383
615 57
176 982
339 258
345 961
419 186
93 783
760 244
614 243
881 571
466 131
837 400
106 426
548 197
565 731
828 693
522 504
725 991
231 534
972 520
135 460
604 195
825 794
458 789
556 94
336 441
252 7
803 719
551 853
321 460
403 221
920 945
538 608
651 771
1000 255
543 753
712 307
234 699
881 684
517 982
369 97
995 309
812 677
925 857
74 146
38 165
366 310
425 160
632 712
6 781
891 85
985 408
750 456
368 438
96 901
725 486
782 151
473 221
395 777
286 925
782 6
679 394
340 26
732 740
70 903
8 695
383 68
330 80
916 327
378 836
469 619
145 365
883 737
425 653
136 632
410 123
575 194
492 201
456 277
992 935
885 36
852 403
727 769
358 236
326 846
330 389
222 911
154 247
46 441
90 745
92 399
20 732
612 854
719 82
150 363
962 805
814 962
908 387
516 712
367 372
849 413
200 664
676 822
56 663
706 165
600 744
641 58
25 522
402 526
996 442
63 845
68 981
224 699
816 927
102 700
214 987
842 847
612 377
168 914
480 900
48 760
949 14
570 853
98 622
384 730
223 297
406 795
318 775
686 807
51 600
894 906
20 485
540 748
355 974
963 783
89 190
915 112
530 301
354 298
817 886
530 361
696 1
437 621
868 263
264 237
393 463
624 739
860 880
420 784
717 614
739 50
463 914
107 731
574 334
274 333
238 746
900 425
339 785
139 234
88 15
516 217
735 983
648 572
544 842
224 334
396 478
163 317
201 114
719 272
560 647
478 614
905 800
984 743
320 310
487 492
154 203
894 185
608 770
382 109
224 27
832 858
980 450
766 503
920 301
314 4
465 496
319 277
466 843
286 230
543 556
206 953
867 961
707 884
210 324
45 719
361 176
471 47
590 35
833 830
927 776
824 551
107 869
789 13
253 669
834 291
74 797
751 69
594 256
941 621
546 127
820 834
626 177
132 332
360 678
235 818
843 688
575 73
526 903
764 406
198 596
659 34
329 651
350 787
976 366
373 722
744 986
123 503
18 121
863 467
151 761
596 574
635 16
230 980
963 521
199 971
747 594
563 348
835 707
729 68
123 725
360 737
469 466
460 644
156 653
503 742
16 376
964 175
174 985
197 472
182 548
349 13
757 176
792 797
300 983
178 439
969 384
842 158
273 393
19 861
814 24
391 185
249 890
512 774
359 197
134 956
16 684
906 570
39 959
282 280
563 649
791 425
186 148
758 866
475 150
771 965
96 225
409 772
428 224
546 479
894 439
146 945
516 791
777 529
261 384
408 76
809 190
673 960
836 116
414 166
764 841
65 688
194 980
871 562
983 84
142 556
343 245
25 630
816 935
963 24
530 749
27 873
968 866
164 947
722 433
669 214
337 853
856 963
470 107
554 63
955 733
207 876
902 836
923 153
906 267
384 831
983 299
569 83
471 631
40 671
717 891
384 561
337 631
319 675
986 876
481 620
578 50
928 45
801 273
839 441
532 423
574 62
544 509
711 131
696 168
255 263
386 840
558 530
207 416
479 335
299 989
908 965
216 13
514 588
407 915
501 52
212 57
568 721
398 594
424 201
135 613
230 685
842 35
607 353
334 767
631 639
136 556
250 470
213 706
415 410
509 363
779 687
762 365
468 496
841 122
549 265
516 582
500 897
361 477
602 190
674 771
960 220
813 21
483 846
836 842
488 984
915 701
224 946
923 874
709 447
67 284
582 493
286 62
894 467
586 992
219 201
992 439
190 474
500 726
600 700
729 984
548 420
793 777
713 770
665 320
370 198
228 248
360 48
200 409
536 467
43 197
320 846
873 886
930 215
988 577
20 339
189 612
725 530
816 722
892 37
30 364
398 464
134 446
446 508
218 327
590 471
424 730
62 44
229 581
213 64
825 326
97 751
829 278
316 847
839 413
1 993
539 353
545 816
714 985
435 779
32 25
420 844
296 178
459 814
226 47
725 199
866 127
40 983
192 18
49 703
585 989
822 786
398 558
862 499
663 230
518 815
316 499
541 710
999 142
66 742
442 936
953 978
93 223
554 595
611 926
836 633
396 394
434 725
110 770
935 887
23 869
615 975
232 652
415 944
788 619
550 638
292 858
443 222
45 126
563 705
14 779
441 497
90 108
172 391
600 634
763 902
718 793
175 892
668 999
584 174
250 942
860 171
733 851
264 628
7 124
309 460
630 312
246 953
906 30
730 890
747 680
470 177
641 219
181 2
309 125
518 131
196 75
483 294
545 295
46 852
358 922
622 311
271 49
256 278
61 605
423 858
725 566
47 542
431 703
656 791
752 764
460 573
627 268
151 588
118 385
724 580
364 769
702 757
97 666
497 416
761 755
339 581
514 867
694 541
541 358
216 41
619 650
852 820
566 731
96 260
739 53
425 957
464 981
503 620
87 877
627 840
477 881
957 71
705 22
101 933
445 275
636 522
395 546
326 126
295 965
131 124
539 107
995 893
926 454
636 633
486 880
166 550
463 32
67 779
620 165
692 554
1 393
629 401
421 636
259 122
927 294
272 228
400 809
789 449
741 984
250 625
234 26
842 349
736 200
935 1000
187 690
975 475
723 50
284 830
361 405
720 732
29 750
379 617
859 803
785 974
977 348
426 490
54 242
864 842
457 740
756 456
464 184
671 353
432 806
732 369
54 365
258 894
523 182
764 834
110 180
55 589
918 693
243 469
261 222
854 311
157 29
684 777
623 126
181 919
988 521
492 279
985 309
52 100
643 859
555 7
369 40
117 954
688 420
63 292
754 763
375 502
255 524
131 412
424 658
186 849
960 612
338 840
763 105
787 201
848 809
208 648
192 781
9 841
302 454
72 609
216 131
363 308
109 840
825 495
8 143
855 671
568 327
236 77
553 405
408 836
117 510
136 723
452 629
821 652
537 937
918 382
791 996
518 868
871 314
486 796
993 816
110 984
951 738
454 318
81 694
406 61
482 943
185 471
573 285
331 670
192 376
693 968
899 381
573 398
499 449
542 743
802 293
196 423
125 263
166 959
21 612
525 380
201 472
573 592
941 396
500 844
389 128
570 470
897 110
607 849
267 818
414 167
974 415
744 492
586 687
509 748
829 845
389 508
67 238
171 987
952 360
950 311
707 701
691 901
982 132
217 782
626 210
555 210
795 611
355 952
542 492
894 963
75 297
354 352
381 869
170 414
230 870
51 177
434 283
677 429
606 477
990 828
402 317
421 111
43 565
834 216
220 569
505 214
863 71
597 119
429 933
122 73
363 161
169 504
297 307
83 350
763 448
984 19
657 83
469 597
805 43
917 993
350 328
800 421
721 251
496 996
971 132
899 443
466 460
89 595
386 141
685 295
577 678
905 895
871 60
253 869
415 42
831 658
813 387
7 332
173 698
245 471
983 567
128 875
935 944
537 449
538 938
963 552
190 668
107 625
37 838
868 289
633 473
717 630
286 63
842 631
275 714
292 660
741 323
778 223
485 133
243 769
721 927
439 628
998 461
158 132
356 5
393 21
713 732
551 804
938 315
498 242
393 102
658 827
271 77
762 534
9 86
195 703
507 241
942 893
190 998
392 57
321 117
484 647
69 767
89 209
125 659
706 64
338 675
670 590
434 142
623 618
792 728
888 941
814 405
706 354
508 902
403 998
389 399
622 545
718 672
207 165
965 777
382 149
701 799
967 732
841 132
948 434
293 648
968 257
823 157
568 810
399 570
981 267
125 416
475 209
379 383
926 440
654 971
380 850
876 815
42 551
208 323
413 140
772 981
559 827
232 216
927 935
324 648
822 155
110 153
65 1000
371 409
733 741
241 239
575 198
578 294
261 10
264 802
446 14
233 579
161 430
844 165
556 753
854 268
228 322
513 546
329 749
626 109
75 497
611 259
4 947
292 42
575 420
968 744
860 782
313 565
725 504
147 698
833 47
13 157
514 642
424 957
678 145
972 438
978 951
908 140
709 549
161 859
533 340
810 440
943 132
412 588
58 600
365 684
928 509
49 299
529 225
912 247
89 538
588 580
899 499
862 351
582 110
32 694
73 14
699 334
681 335
684 538
920 876
228 750
46 475
456 17
131 571
427 656
225 733
140 827
275 548
385 164
685 637
695 88
418 36
400 615
148 141
855 868
27 505
975 760
387 867
335 601
376 934
196 241
807 403
989 556
702 703
906 928
410 819
34 103
682 587
621 305
59 536
501 855
211 837
487 293
73 932
536 12
773 289
422 337
637 188
823 587
151 738
781 871
488 380
161 330
398 393
649 461
647 558
744 77
483 35
327 114
994 685
853 230
246 286
325 605
296 365
350 160
632 881
428 815
549 846
570 683
94 165
645 315
355 347
639 459
951 991
292 328
114 942
762 2
744 521
417 905
623 787
633 343
352 674
637 871
268 416
897 560
239 703
278 9
504 204
841 243
697 887
295 718
386 166
813 269
870 838
945 157
913 703
201 253
461 691
62 901
961 683
121 310
230 112
884 981
386 456
831 718
889 825
907 182
527 439
68 250
340 903
966 727
186 105
205 319
150 384
244 701
396 512
932 722
25 858
215 203
54 223
640 595
719 731
243 259
690 894
752 807
273 594
496 97
661 335
755 156
587 631
401 438
809 561
152 736
656 848
734 516
596 749
819 865
674 543
605 873
553 726
751 543
240 215
5 367
479 312
269 714
490 515
199 937
75 231
57 624
169 110
9 757
430 391
910 141
886 28
279 102
943 207
247 594
398 987
986 686
115 688
191 955
782 762
509 504
634 800
370 862
443 982
170 866
305 969
801 972
182 433
917 706
610 436
649 142
487 178
927 505
788 593
2 986
280 808
776 749
545 638
398 609
288 967
847 167
615 139
249 630
36 444
242 729
704 462
408 59
85 893
765 235
859 874
305 788
223 643
647 29
7 130
485 132
603 353
343 42
324 666
163 896
493 377
755 90
564 558
834 599
431 583
257 937
156 510
618 689
11 421
731 114
109 314
574 668
700 220
122 583
636 680
848 69
88 762
401 291
4 984
247 242
548 969
897 444
685 730
739 138
155 461
195 988
330 893
174 714
212 377
490 615
476 566
922 648
657 173
288 456
22 90
705 185
104 110
643 255
957 259
687 238
106 969
474 821
588 545
331 748
653 155
233 458
748 287
182 413
348 983
463 364
555 201
569 785
59 51
7 435
500 999
548 149
418 942
383 618
228 553
727 465
124 650
729 792
713 163
966 543
953 396
276 423
774 354
885 613
431 773
675 251
664 840
560 169
745 99
980 766
432 828
492 644
589 306
534 669
868 895
725 978
119 423
284 664
694 983
567 351
185 69
646 74
258 779
189 533
171 118
962 279
798 913
894 574
955 662
216 540
419 116
934 288
241 127
773 238
668 468
262 621
386 637
830 96
320 505
895 602
967 185
271 326
204 811
96 932
374 223
692 240
865 524
536 540
776 11
26 438
122 31
284 77
964 908
203 370
188 390
356 860
903 353
988 650
678 225
370 900
562 262
780 337
528 762
106 922
788 836
880 173
244 390
467 39
895 111
957 664
79 624
602 857
127 838
314 801
131 685
46 472
395 224
876 479
783 957
648 157
277 12
212 287
552 332
978 18
629 802
278 686
64 614
854 905
391 901
894 125
134 684
756 25
907 18
591 154
833 898
478 929
410 641
395 454
615 433
87 120
76 495
403 169
122 669
42 314
668 538
618 649
723 798
548 732
241 138
361 218
17 650
933 908
91 569
682 140
429 669
1000 359
378 199
643 635
934 46
700 683
445 83
763 216
212 322
416 839
164 429
91 711
942 11
352 581
446 615
530 106
75 843
240 833
757 923
575 526
448 71
467 229
175 156
343 782
865 266
505 395
344 775
840 830
457 104
747 538
282 69
379 971
733 420
1 491
481 227
603 856
700 130
277 191
413 527
15 879
453 286
183 165
976 709
921 68
81 999
337 381
798 386
918 811
150 385
257 639
380 804
997 947
120 345
46 577
529 665
806 667
589 361
55 653
996 381
872 291
229 106
470 140
987 18
916 30
510 669
920 938
422 739
725 906
856 855
696 640
199 471
309 179
394 403
933 590
844 159
480 830
7 605
680 955
285 859
837 798
329 83
184 50
772 339
643 215
995 362
651 598
274 95
256 766
666 877
994 334
117 525
446 289
178 899
344 423
142 30
772 113
222 456
743 734
734 295
871 399
757 974
204 962
71 370
554 856
467 129
602 588
306 1
702 158
259 141
153 914
672 370
966 116
843 507
516 291
370 863
639 94
407 882
476 181
961 588
790 177
224 248
956 169
336 994
315 776
905 893
84 860
984 674
662 127
408 286
67 739
818 846
153 462
139 303
46 643
324 97
996 563
768 812
107 512
941 974
842 629
920 151
327 468
577 668
682 625
833 763
744 458
707 222
724 736
837 591
659 419
796 698
848 5
977 68
137 270
678 604
879 181
310 624
42 498
225 936
628 284
889 837
810 801
544 719
228 424
856 593
623 289
570 927
554 478
820 107
649 4
62 211
744 902
69 765
187 795
307 136
713 909
769 995
836 801
706 94
339 539
545 836
748 965
97 605
725 83
191 619
605 765
771 420
499 106
576 796
406 409
905 558
924 350
448 143
250 279
343 822
424 168
335 402
956 394
266 695
97 932
32 65
774 807
780 396
529 148
515 73
500 113
184 139
788 630
112 585
349 276
667 947
28 847
162 313
385 141
254 179
310 97
383 533
663 679
277 88
206 54
153 426
98 222
604 413
91 370
91 645
951 232
408 24
816 181
410 682
361 216
946 507
828 964
34 322
970 478
410 733
54 132
312 355
223 631
873 198
671 287
677 862
876 975
733 626
204 352
849 93
891 422
759 823
949 10
608 388
276 996
766 128
603 155
713 847
740 16
145 74
797 247
412 27
791 537
464 682
673 442
195 554
159 911
901 218
830 240
373 875
688 665
946 501
127 444
240 16
458 171
443 597
647 891
943 416
585 668
70 852
832 355
50 480
468 119
291 918
22 794
391 435
672 331
393 324
202 438
809 230
314 716
641 553
525 226
642 286
326 799
202 281
595 290
832 944
944 730
373 336
874 279
969 121
261 869
762 416
642 32
242 572
888 502
941 20
580 468
127 679
198 15
387 980
335 938
599 713
72 720
305 323
933 456
127 564
276 68
872 359
620 763
76 409
42 537
647 100
704 678
318 682
760 893
320 794
462 709
800 532
751 65
76 383
459 321
540 558
479 770
946 853
530 532
978 764
848 127
38 900
425 450
638 604
843 692
368 276
425 339
563 938
744 79
891 160
946 30
344 349
986 148
985 598
826 573
459 60
887 84
743 693
181 89
166 276
807 181
939 532
243 899
1000 518
766 889
378 934
269 21
677 232
972 468
939 677
120 593
620 486
896 940
144 833
19 643
518 859
724 452
579 42
283 310
69 265
455 524
925 42
187 338
336 872
244 865
27 781
895 2
533 523
697 885
657 682
743 206
283 596
33 825
699 364
205 731
42 52
413 526
418 868
880 519
720 812
662 195
404 823
187 161
940 801
690 312
175 832
16 855
129 104
480 260
837 328
609 204
99 919
336 323
72 21
492 702
348 442
963 143
930 92
894 661
801 213
716 621
954 854
702 552
119 366
216 695
859 95
143 142
185 124
226 592
925 72
363 713
273 737
664 901
392 177
659 213
401 325
727 217
722 719
845 217
86 174
531 15
345 96
551 496
293 448
729 702
890 268
247 153
602 440
661 769
949 283
387 148
781 508
400 281
917 780
165 268
407 62
516 740
17 32
183 599
865 420
369 533
575 557
620 458
970 233
700 466
574 495
730 129
351 530
814 350
920 458
399 924
990 383
821 16
27 745
980 177
874 476
512 887
533 559
201 14
935 847
75 549
898 331
499 305
581 211
432 470
911 979
644 543
245 718
102 73
619 433
197 875
272 446
345 110
997 756
393 606
232 434
214 742
181 487
491 723
721 754
115 159
194 530
361 180
261 612
863 812
148 71
647 31
466 926
51 820
361 140
396 949
419 620
516 902
629 571
1 990
733 773
967 659
71 930
759 749
318 461
85 462
394 293
459 265
596 958
155 560
851 847
431 679
233 612
164 802
113 910
868 10
708 979
855 796
580 136
551 7
898 919
132 151
251 137
325 642
161 737
271 364
26 545
641 764
155 463
709 812
998 927
89 473
246 75
494 718
705 925
759 198
246 63
619 563
605 764
877 375
843 43
293 793
424 395
886 207
706 353
710 281
490 756
400 148
920 205
59 393
494 808
170 546
382 923
744 579
763 481
752 126
553 99
3 94
418 446
499 751
631 686
64 80
227 572
786 912
362 349
456 282
922 987
830 736
889 36
616 812
512 851
140 44
54 686
336 975
297 607
154 240
494 64
676 93
115 861
616 970
266 889
966 642
895 312
609 391
520 688
150 479
872 975
154 914
176 70
548 230
501 18
388 699
371 997
262 148
907 65
211 588
621 829
909 691
54 234
517 642
439 548
959 317
542 879
506 951
87 86
555 480
567 325
336 410
137 351
47 708
232 219
341 999
858 307
188 39
713 620
440 392
593 198
318 489
670 66
600 954
677 814
459 309
422 443
613 924
172 598
263 681
506 760
859 308
458 615
811 425
288 42
298 159
429 695
290 361
344 497
159 910
77 561
747 833
264 146
609 909
172 777
773 799
643 998
877 347
240 96
593 940
37 289
743 630
246 138
365 852
231 290
348 734
44 711
266 729
182 605
438 971
260 555
982 776
83 392
780 290
728 979
784 933
857 753
197 112
827 793
684 902
496 546
633 103
382 7
440 778
58 697
240 556
386 368
79 237
211 413
874 167
129 402
737 101
116 102
54 684
873 357
232 635
733 145
120 208
250 863
141 732
551 677
842 571
510 364
186 455
989 553
106 138
102 706
603 427
252 187
659 621
510 615
204 310
426 264
581 624
894 713
346 35
38 949
310 272
518 99
367 843
226 589
70 556
289 129
229 935
807 976
494 309
62 25
32 476
360 953
553 622
860 894
259 655
556 615
637 707
598 843
749 82
983 571
925 679
360 599
986 951
143 670
173 67
330 947
496 407
153 666
445 450
853 453
584 838
588 822
867 249
783 479
193 74
350 250
499 566
692 923
130 181
642 368
74 158
917 570
645 619
10 742
687 160
927 369
984 345
533 522
364 459
538 176
616 868
358 169
433 70
823 337
805 998
440 806
674 532
245 745
556 353
328 251
55 489
668 221
404 167
387 819
281 340
210 146
284 909
430 631
417 276
146 938
127 555
423 474
881 773
867 992
23 289
713 458
71 949
862 805
6 81
389 343
67 69
513 931
508 49
424 822
925 214
233 766
734 862
381 430
682 957
389 9
490 520
159 659
459 253
833 424
47 978
375 33
667 413
310 692
621 474
969 777
752 407
90 290
454 963
19 226
452 300
612 227
904 188
405 107
304 920
765 987
435 18
199 21
274 492
539 408
868 452
246 464
504 559
542 776
450 557
714 942
198 343
444 803
873 961
652 616
865 443
847 767
28 417
781 221
430 501
809 172
59 477
60 114
334 593
390 935
926 885
230 678
309 797
623 929
554 632
97 243
278 40
177 187
106 867
70 206
163 504
550 708
185 656
426 874
861 915
600 325
103 146
72 830
813 511
926 678
993 283
834 496
197 731
187 204
598 946
286 144
532 850
241 699
594 129
152 148
150 419
157 413
985 772
250 919
438 366
367 60
849 341
388 599
45 328
419 623
223 541
137 290
928 531
600 816
489 727
825 909
780 372
494 32
168 956
902 251
611 584
262 858
86 894
773 4
858 422
289 216
91 212
167 219
207 990
544 594
321 303
195 433
494 258
665 534
83 853
928 352
602 123
216 434
401 288
505 431
185 377
759 419
7 720
284 123
949 327
551 407
963 567
932 830
436 477
4 249
499 803
960 735
55 114
728 299
981 199
361 838
927 693
35 645
550 36
757 928
757 153
98 127
335 382
579 756
1000 607
784 668
365 563
149 518
773 732
297 275
118 917
732 972
343 816
236 288
718 676
494 920
387 318
631 681
67 786
567 577
878 770
572 185
844 950
116 742
867 495
541 882
736 434
754 903
386 365
23 864
742 376
592 386
357 982
859 572
72 858
957 701
216 480
297 751
857 534
65 280
214 656
714 376
828 736
334 105
119 749
33 706
163 835
456 215
862 963
133 615
954 45
516 980
738 836
355 568
615 398
690 547
929 377
680 222
437 2
702 534
742 363
261 340
834 694
566 225
781 719
284 266
397 997
125 992
458 533
184 200
929 932
761 916
983 377
750 92
492 308
826 436
792 380
134 415
631 252
605 908
507 145
716 491
558 68
807 956
131 423
735 174
316 872
265 702
764 366
213 208
843 121
683 912
903 995
298 446
501 213
322 552
677 242
273 244
517 281
302 137
840 848
439 304
672 425
687 30
376 272
949 564
947 197
145 323
537 577
258 98
829 249
888 683
706 612
526 267
788 822
143 889
885 2
248 874
937 354
123 779
966 461
490 26
110 803
918 32
665 787
466 35
475 275
591 65
797 962
106 93
888 789
91 336
257 486
3 646
335 549
732 479
280 176
98 244
56 919
846 194
243 299
67 249
507 494
215 913
72 76
39 71
346 979
275 85
39 468
189 423
25 702
229 934
207 775
502 833
434 481
979 408
207 692
912 764
41 402
919 475
208 653
925 557
297 154
50 297
971 40
554 208
421 455
886 133
902 670
579 575
910 181
126 516
917 871
499 904
815 249
869 810
109 970
144 835
53 829
383 26
682 668
648 371
780 368
31 958
164 29
757 878
884 652
991 744
619 169
305 929
676 176
588 612
58 747
478 580
814 34
732 895
969 27
352 115
426 774
903 280
45 48
667 637
672 789
766 21
716 826
440 517
42 985
776 979
556 215
54 32
239 236
135 481
195 138
57 365
282 170
264 561
172 874
820 526
731 253
313 68
862 12
479 979
990 193
952 365
128 383
755 352
575 946
545 482
907 711
711 565
143 57
271 116
75 351
310 538
702 264
595 696
579 223
670 535
958 97
561 713
108 300
437 495
609 630
244 643
777 258
501 284
460 599
946 266
32 822
753 603
395 609
832 220
960 1
301 375
840 759
531 815
469 705
445 625
473 646
850 464
266 609
818 50
965 929
692 751
179 980
274 188
457 154
370 685
131 857
137 393
123 819
997 301
534 73
383 749
519 671
22 413
448 908
266 835
853 909
604 261
220 30
665 191
166 988
392 821
854 837
101 462
471 143
533 880
93 697
920 363
205 479
759 856
6 784
529 745
785 647
327 972
175 630
65 741
64 976
623 572
414 132
695 269
698 567
67 584
858 349
43 59
924 132
835 39
450 219
379 227
91 215
238 42
807 200
574 640
186 577
299 482
545 398
203 782
403 448
119 146
748 546
621 300
52 89
824 178
825 223
538 19
310 657
26 700
137 253
621 445
808 614
679 349
761 586
482 445
355 185
270 949
911 830
218 611
934 117
443 586
286 900
730 454
605 762
756 423
761 420
943 126
302 370
527 895
658 250
477 920
98 495
631 827
65 286
197 265
751 725
623 855
629 278
151 456
615 743
662 240
374 691
359 37
732 513
257 989
990 345
922 985
454 890
533 577
130 244
19 299
373 490
780 30
214 806
175 548
418 827
386 285
281 241
282 346
362 908
823 9
201 266
214 523
447 309
709 162
358 336
860 50
880 720
440 573
295 435
261 433
797 543
176 215
931 329
491 710
503 459
779 141
980 762
676 531
471 497
313 19
523 128
566 230
971 626
972 777
603 738
811 141
134 370
66 348
928 431
285 254
202 553
90 86
753 446
385 296
831 87
468 591
164 448
991 112
777 239
7 678
356 260
711 402
34 512
863 343
97 668
544 418
389 866
104 324
160 86
109 205
113 138
556 524
613 717
264 148
599 430
787 800
334 893
248 766
505 2
123 703
876 23
911 560
607 129
683 689
213 930
532 810
244 776
118 865
283 732
356 958
266 657
847 468
560 702
408 443
135 73
192 274
908 120
177 194
240 558
719 142
63 682
338 87
503 831
234 4
586 241
997 614
701 512
978 391
335 774
599 597
208 222
470 555
966 748
92 25
662 149
928 783
50 517
141 730
384 113
497 984
557 82
225 553
381 306
589 237
266 460
105 188
876 927
648 764
647 502
501 850
370 37
346 68
