28
0 1566 6546 4742 7727 5522 5565 2862 8197 7900 1906 6730 2909 4397 3881 3052 2597 2748 6072 2791 1085 6507 6195 6304 1395 4521 6490 1110
1566 0 5430 5444 6611 4406 6267 1746 7081 6784 2608 7432 3611 3281 4583 1936 3299 3450 4956 3493 1787 7209 6897 5188 659 3405 7192 862
6546 5430 0 10424 1401 2392 11247 5196 1871 1574 7588 12412 8591 3565 9563 3920 8279 8430 698 8473 6767 12189 11877 1814 5639 2331 12172 5842
4742 5444 10424 0 11605 9400 1827 6740 12075 11778 4166 2992 2101 8275 1835 6930 2779 3088 9950 3951 4411 2769 2457 10182 5273 8399 2752 4988
7727 6611 1401 11605 0 3573 12428 6377 2442 2145 8769 13593 9772 4746 10744 5101 9460 9611 1879 9654 7948 13370 13058 2995 6820 3512 13353 7023
5522 4406 2392 9400 3573 0 10223 4172 4043 3746 6564 11388 7567 2541 8539 2896 7255 7406 1918 7449 5743 11165 10853 2150 4615 1307 11148 4818
5565 6267 11247 1827 12428 10223 0 7563 12898 12601 4989 2867 2924 9098 2658 7753 3602 3911 10773 4774 5234 2644 2332 11005 6096 9222 2627 5811
2862 1746 5196 6740 6377 4172 7563 0 6847 6550 3904 8728 4907 3047 5879 1702 4595 4746 4722 4789 3083 8505 8193 4954 1955 3171 8488 2158
8197 7081 1871 12075 2442 4043 12898 6847 0 867 9239 14063 10242 5216 11214 5571 9930 10081 2349 10124 8418 13840 13528 3465 7290 3982 13823 7493
7900 6784 1574 11778 2145 3746 12601 6550 867 0 8942 13766 9945 4919 10917 5274 9633 9784 2052 9827 8121 13543 13231 3168 6993 3685 13526 7196
1906 2608 7588 4166 8769 6564 4989 3904 9239 8942 0 6154 2333 5439 3305 4094 2021 2172 7114 2215 1575 5931 5619 7346 2437 5563 5914 2152
6730 7432 12412 2992 13593 11388 2867 8728 14063 13766 6154 0 4089 10263 3823 8918 4767 5076 11938 5939 6399 757 2205 12170 7261 10387 740 6976
2909 3611 8591 2101 9772 7567 2924 4907 10242 9945 2333 4089 0 6442 1240 5097 946 1255 8117 2118 2578 3866 3554 8349 3440 6566 3849 3155
4397 3281 3565 8275 4746 2541 9098 3047 5216 4919 5439 10263 6442 0 7414 1771 6130 6281 3091 6324 4618 10040 9728 3323 3490 1540 10023 3693
3881 4583 9563 1835 10744 8539 2658 5879 11214 10917 3305 3823 1240 7414 0 6069 1918 2227 9089 3090 3550 3600 3288 9321 4412 7538 3583 4127
3052 1936 3920 6930 5101 2896 7753 1702 5571 5274 4094 8918 5097 1771 6069 0 4785 4936 3446 4979 3273 8695 8383 3678 2145 1895 8678 2348
2597 3299 8279 2779 9460 7255 3602 4595 9930 9633 2021 4767 946 6130 1918 4785 0 943 7805 1806 2266 4544 4232 8037 3128 6254 4527 2843
2748 3450 8430 3088 9611 7406 3911 4746 10081 9784 2172 5076 1255 6281 2227 4936 943 0 7956 1957 2417 4853 4541 8188 3279 6405 4836 2994
6072 4956 698 9950 1879 1918 10773 4722 2349 2052 7114 11938 8117 3091 9089 3446 7805 7956 0 7999 6293 11715 11403 1340 5165 1857 11698 5368
2791 3493 8473 3951 9654 7449 4774 4789 10124 9827 2215 5939 2118 6324 3090 4979 1806 1957 7999 0 2460 5716 5404 8231 3322 6448 5699 3037
1085 1787 6767 4411 7948 5743 5234 3083 8418 8121 1575 6399 2578 4618 3550 3273 2266 2417 6293 2460 0 6176 5864 6525 1616 4742 6159 1331
6507 7209 12189 2769 13370 11165 2644 8505 13840 13543 5931 757 3866 10040 3600 8695 4544 4853 11715 5716 6176 0 1982 11947 7038 10164 211 6753
6195 6897 11877 2457 13058 10853 2332 8193 13528 13231 5619 2205 3554 9728 3288 8383 4232 4541 11403 5404 5864 1982 0 11635 6726 9852 1965 6441
6304 5188 1814 10182 2995 2150 11005 4954 3465 3168 7346 12170 8349 3323 9321 3678 8037 8188 1340 8231 6525 11947 11635 0 5397 2089 11930 5600
1395 659 5639 5273 6820 4615 6096 1955 7290 6993 2437 7261 3440 3490 4412 2145 3128 3279 5165 3322 1616 7038 6726 5397 0 3614 7021 691
4521 3405 2331 8399 3512 1307 9222 3171 3982 3685 5563 10387 6566 1540 7538 1895 6254 6405 1857 6448 4742 10164 9852 2089 3614 0 10147 3817
6490 7192 12172 2752 13353 11148 2627 8488 13823 13526 5914 740 3849 10023 3583 8678 4527 4836 11698 5699 6159 211 1965 11930 7021 10147 0 6736
1110 862 5842 4988 7023 4818 5811 2158 7493 7196 2152 6976 3155 3693 4127 2348 2843 2994 5368 3037 1331 6753 6441 5600 691 3817 6736 0
