5 3
2.2
2.596 12.294 6.750
0.512 17.171 0.212
14.813 15.467 3.458
5.349 2.304 1.847
5.537 5.792 6.695
10.577 1.730 13.723
9.166 6.673 11.649
7.648 5.546 0.485
15.911 16.538 1.218
15.747 8.711 9.848
9.937 5.516 8.050
5.414 16.963 6.839
7.714 11.317 15.436
12.966 0.334 5.718
8.825 1.466 4.334
25.770 1.059 13.390
19.337 13.741 0.041
10.405 14.307 11.060
2.112 3.903 16.113
9.592 0.381 17.054
10.703 28.181 5.011
8.075 1.843 8.330
13.157 9.736 2.639
1.166 0.991 9.604
14.809 15.430 19.488
4.944 6.768 5.674
14.476 3.266 8.083
13.677 5.036 0.611
20.173 8.358 5.358
3.400 19.052 3.067
1.692 0.269 4.158
6.905 12.580 5.555
0.202 0.633 0.164
13.200 3.185 0.760
10.421 19.816 7.108
17.431 11.645 1.378
6.169 6.008 19.013
8.969 6.002 4.142
2.478 8.688 2.026
6.502 0.929 5.131
10.707 3.623 2.169
18.065 17.174 18.116
22.796 3.855 2.973
6.579 8.006 13.290
15.795 0.131 1.137
2.295 4.870 11.563
2.777 1.904 6.841
8.297 1.475 10.819
11.405 1.064 4.193
5.600 11.869 13.413
8.614 21.239 6.320
0.784 6.404 2.902
5.536 1.284 2.992
7.239 3.421 10.615
9.069 0.756 12.658
8.611 0.707 10.666
6.384 6.017 13.249
11.072 11.858 6.642
0.065 1.952 0.528
11.422 9.147 9.630
4.166 12.181 20.657
6.852 2.897 0.239
13.122 14.771 4.091
2.200 9.307 0.627
9.379 12.308 1.880
6.252 2.331 9.410
10.849 10.364 9.496
14.426 11.145 4.152
11.033 4.284 6.722
3.299 6.179 3.891
23.998 9.113 0.463
0.344 6.803 5.982
4.066 15.634 8.189
7.859 0.664 9.178
4.773 10.345 6.986
6.291 3.064 0.698
0.601 0.721 4.232
7.248 11.473 8.640
1.086 9.316 21.585
0.110 7.037 14.980
5.018 18.214 1.339
0.080 19.339 6.855
12.190 2.997 1.303
3.178 0.781 0.880
8.346 9.140 8.709
5.541 7.228 12.445
14.397 2.341 9.224
12.340 0.982 1.296
2.252 3.671 9.685
7.397 17.119 1.176
3.154 4.921 18.320
9.744 5.932 4.517
5.552 4.122 15.219
0.699 4.752 5.804
11.015 15.410 6.791
0.515 15.716 12.769
2.850 10.682 17.923
1.772 8.946 8.510
15.294 24.930 16.828
4.704 0.672 10.522
3.691 5.007 29.299
17.228 9.794 9.059
0.405 8.877 7.478
7.336 3.929 7.674
15.984 2.730 1.381
5.546 3.458 14.012
21.595 1.495 4.053
14.819 17.342 13.737
4.493 14.348 6.567
8.954 14.719 5.113
5.061 1.359 3.803
10.503 8.404 18.540
2.280 6.361 7.095
11.576 18.895 10.670
10.355 16.231 6.830
11.515 0.744 2.800
3.438 4.334 2.298
9.434 3.101 1.411
11.541 6.082 4.640
1.631 12.296 2.186
14.297 8.063 6.805
25.483 10.197 4.264
1.690 14.232 19.234
4.293 14.641 7.241
20.369 1.310 0.396
18.192 22.279 9.307
10.070 8.135 1.191
21.482 4.688 0.207
10.964 6.775 8.101
19.120 9.432 7.847
10.535 14.874 7.127
2.956 0.899 12.644
12.602 1.187 9.402
0.044 5.013 17.239
2.285 5.263 9.224
9.432 6.072 2.715
1.040 3.050 17.311
8.324 0.533 12.069
4.848 4.929 13.156
1.922 5.922 14.994
8.346 4.108 10.309
3.166 29.716 0.187
2.368 7.497 8.584
4.914 1.823 11.751
7.194 13.293 1.620
10.263 6.188 9.028
1.507 1.826 3.777
5.238 5.882 3.878
11.646 9.277 13.778
9.291 10.167 0.880
8.367 2.449 7.699
6.116 5.976 1.465
1.338 26.948 12.398
13.244 12.000 1.001
2.125 15.475 5.803
1.310 3.177 6.478
12.467 0.896 3.152
18.758 7.414 3.522
5.442 3.759 3.798
22.627 10.098 2.735
13.098 8.321 1.381
2.811 0.743 12.547
15.521 10.025 19.937
11.248 12.629 23.324
11.322 7.003 8.911
9.492 11.044 23.914
3.525 0.775 3.114
2.065 7.538 11.602
0.399 15.711 4.525
8.153 6.911 8.033
5.137 2.216 0.916
19.812 17.968 11.518
10.795 20.212 4.443
5.393 12.222 6.380
6.735 4.054 0.575
16.626 5.689 1.178
4.675 12.567 4.987
1.736 19.475 22.528
5.355 0.598 5.712
2.680 7.163 8.017
4.275 1.808 14.795
10.869 1.650 7.048
8.585 11.128 4.414
6.421 0.931 8.732
15.756 0.299 10.603
7.669 4.176 6.473
1.455 0.390 4.798
6.884 0.187 5.051
2.432 13.548 10.525
12.785 1.644 16.106
3.318 8.059 3.077
10.058 4.030 8.640
6.513 18.345 5.242
21.676 3.632 7.121
7.859 12.812 4.428
0.383 8.256 0.846
2.311 5.696 1.958
3.978 6.468 7.177
0.556 23.129 0.404
3.308 10.347 6.769
16.159 0.306 0.940
7.890 5.136 9.571
17.097 3.027 9.567
4.125 13.143 2.751
1.171 15.065 0.297
10.932 15.572 10.485
15.384 10.205 12.168
7.220 5.570 8.739
1.254 6.777 3.112
6.723 8.496 9.290
1.501 1.920 1.732
4.480 8.353 1.557
13.617 0.939 0.217
7.409 5.440 3.970
4.603 1.767 4.170
7.008 2.253 3.120
4.599 0.823 12.645
3.698 14.217 11.593
4.071 10.326 5.427
15.655 3.428 9.816
16.334 2.644 21.151
10.878 6.250 5.496
10.136 3.394 11.195
11.705 6.288 12.376
11.267 5.064 8.424
3.327 5.374 9.134
2.620 4.100 4.101
6.670 11.323 4.970
24.088 1.821 1.803
3.940 0.300 7.812
2.330 8.682 6.589
13.946 1.581 12.896
6.350 4.124 5.655
4.935 4.881 2.961
4.866 5.787 7.639
11.603 9.446 2.262
12.640 4.993 0.407
20.783 0.149 1.757
16.811 19.276 7.636
0.680 2.983 18.883
2.427 5.212 7.712
0.571 8.686 7.018
1.369 8.214 5.370
2.620 0.048 4.661
2.926 17.283 1.035
16.707 9.819 4.610
20.983 0.493 6.110
8.514 1.944 7.975
12.422 0.833 1.027
2.021 3.456 10.137
3.568 7.009 3.592
0.329 5.427 6.799
1.427 15.867 3.829
0.210 19.418 10.302
9.208 4.261 5.630
10.830 5.783 8.170
0.055 14.238 8.699
5.657 4.113 10.002
4.951 2.803 5.019
6.859 15.258 16.984
11.571 3.287 9.684
3.100 10.766 1.628
13.605 3.595 3.300
6.593 12.203 5.355
5.428 6.285 3.597
18.685 5.656 20.657
17.275 0.999 16.596
0.865 3.618 6.761
10.564 21.958 7.509
9.404 19.766 1.926
4.035 4.739 4.884
4.634 9.319 1.022
4.459 0.411 10.709
1.942 6.802 7.194
10.302 8.955 9.132
1.126 1.600 14.782
7.555 2.967 2.114
13.439 5.510 14.508
1.866 10.753 4.633
20.612 5.346 13.882
1.615 13.643 3.338
0.020 22.266 3.324
0.171 1.976 5.290
16.279 26.585 11.638
14.855 25.666 7.865
17.126 12.121 3.954
9.709 10.674 6.875
4.551 0.345 1.629
1.978 7.449 5.938
7.382 30.943 10.534
2.785 3.040 9.880
13.338 6.572 10.372
7.685 8.932 5.436
6.885 19.820 5.440
0.989 12.866 2.319
19.122 7.444 1.504
6.565 6.563 12.964
13.464 12.745 16.938
4.095 3.446 1.056
8.309 6.528 24.958
5.165 8.847 16.256
7.345 8.298 1.110
3.217 9.832 0.102
2.929 4.042 0.308
2.599 15.187 3.163
9.260 7.510 10.663
5.570 17.159 1.315
18.650 1.087 3.943
4.866 0.996 4.676
16.527 17.734 13.284
11.736 3.182 10.445
19.162 12.680 19.347
11.610 10.758 10.392
17.063 3.196 5.240
7.135 2.099 2.621
8.514 2.664 1.026
2.364 1.975 4.595
0.639 16.607 3.291
4.620 6.397 15.011
0.030 9.581 3.511
3.617 13.244 2.210
7.988 6.973 11.839
3.187 1.223 6.517
12.417 5.863 9.511
0.403 3.663 0.744
10.118 3.763 6.996
7.815 14.127 16.525
16.164 0.946 6.110
13.827 12.891 18.577
2.405 1.423 7.682
11.553 14.871 6.453
13.283 10.320 2.230
1.303 0.331 0.931
10.696 1.276 5.945
12.772 0.883 3.602
7.896 5.604 6.741
9.421 1.760 1.225
19.079 8.238 1.855
12.435 3.605 2.513
4.146 0.982 7.009
23.429 8.768 11.990
8.735 9.200 4.019
15.621 12.270 0.989
8.532 7.175 1.813
2.371 14.055 0.615
12.017 1.195 9.831
23.165 0.050 10.903
0.531 10.947 6.543
18.267 16.902 17.663
10.963 2.987 9.724
13.032 6.030 0.154
5.256 2.771 12.547
9.686 10.535 17.383
2.928 5.035 13.169
5.466 10.536 16.574
2.146 4.551 10.455
11.506 5.323 9.467
11.525 11.201 5.594
0.946 12.356 6.570
16.340 4.041 6.641
13.701 10.256 5.442
3.250 1.059 1.233
0.570 6.775 7.194
9.316 2.199 5.283
1.313 6.437 2.600
9.029 8.457 11.791
27.072 3.003 11.141
12.674 12.320 13.677
0.723 10.449 8.728
3.167 9.409 6.071
21.767 10.373 0.610
12.890 16.014 7.560
4.864 14.334 9.973
11.973 7.614 13.548
13.503 0.713 11.551
9.195 5.002 1.853
10.015 4.885 12.952
9.904 0.324 8.122
4.322 1.012 3.610
3.118 0.280 5.203
5.993 4.758 5.208
8.844 0.186 7.374
24.444 5.843 3.558
0.522 4.791 0.712
12.576 13.570 6.248
3.449 1.709 4.578
0.199 4.299 31.237
10.327 13.529 0.060
14.052 3.812 8.595
3.939 13.831 6.895
4.170 8.837 8.604
3.994 5.751 5.236
6.773 23.978 1.586
5.232 7.286 5.748
1.995 3.515 1.958
0.639 23.373 14.931
15.757 2.918 0.882
3.710 18.331 10.571
18.823 6.037 21.230
2.849 2.787 9.544
4.677 3.157 6.267
2.249 14.543 6.882
25.159 3.672 5.845
4.417 7.368 6.643
12.555 19.164 2.037
2.252 4.850 15.813
4.571 9.511 11.309
12.921 13.978 15.836
18.275 7.358 3.794
4.933 14.271 1.291
5.546 28.893 12.123
6.771 9.429 5.991
5.750 14.478 4.095
2.707 2.186 0.923
5.920 6.376 1.784
1.829 4.972 1.328
3.835 13.064 10.356
9.712 10.646 4.257
17.457 3.543 2.474
1.823 9.439 17.210
1.295 11.914 14.254
3.120 7.868 0.334
5.991 2.392 4.060
3.687 7.550 4.409
2.506 10.291 4.078
7.368 6.944 19.491
13.419 0.089 19.239
0.577 0.108 6.026
13.963 2.031 1.464
0.631 12.823 12.348
15.833 0.654 2.378
8.646 10.745 6.208
17.647 11.633 10.370
12.659 3.254 12.781
3.155 0.590 12.037
5.214 11.455 1.828
6.789 5.356 1.958
11.495 10.730 11.134
1.704 1.303 16.343
9.297 9.549 14.348
7.539 8.598 13.738
21.218 9.924 11.506
3.993 3.486 3.112
10.825 7.102 1.128
28.001 0.536 2.849
5.833 7.450 6.172
9.270 5.282 3.142
10.098 9.254 9.310
3.660 16.633 1.447
11.204 13.212 9.601
1.349 3.669 6.683
10.397 7.250 12.235
0.009 5.270 5.253
9.724 9.597 4.237
5.378 1.826 7.206
20.681 3.843 0.276
0.704 6.050 4.945
18.135 9.741 6.828
2.131 0.897 19.007
2.409 0.857 9.902
6.700 4.527 18.067
6.650 0.321 10.618
7.586 4.564 5.570
6.892 9.288 0.628
7.357 1.982 11.975
0.316 10.536 12.357
15.888 2.180 8.251
3.966 5.029 20.189
5.024 7.753 7.128
0.488 8.203 2.921
3.456 4.168 8.782
6.665 1.528 14.519
10.458 0.139 17.949
19.491 14.647 2.716
9.899 10.022 11.402
0.217 13.940 14.790
14.498 10.346 3.180
11.125 0.501 17.446
11.376 2.696 9.672
18.713 17.659 17.709
3.488 1.519 36.941
4.730 20.028 0.913
5.061 3.389 1.408
15.952 1.173 6.332
6.524 4.265 4.425
11.342 6.534 4.659
5.505 0.914 1.491
13.687 9.873 3.138
7.598 3.510 10.373
1.594 10.410 5.795
12.135 16.384 6.624
5.573 5.069 18.099
9.905 0.176 2.086
12.894 14.210 20.614
15.333 22.226 7.086
10.450 2.293 5.527
32.104 23.641 3.638
23.134 4.383 15.651
9.236 4.349 1.099
20.780 3.633 5.033
0.707 14.539 6.391
5.432 6.539 0.797
1.938 14.661 2.693
16.927 1.990 9.881
14.848 1.212 3.910
16.239 2.926 10.104
1.578 7.214 14.133
1.371 6.722 11.655
5.173 0.105 2.343
13.953 3.237 3.821
0.669 15.797 17.434
9.379 4.449 16.400
11.944 11.164 13.736
0.976 11.056 11.407
0.172 19.124 1.069
8.438 8.187 4.621
14.781 5.641 22.836
6.980 11.349 7.914
1.832 7.206 4.376
2.793 1.660 8.562
6.744 5.748 9.477
6.573 8.491 11.435
7.199 21.412 16.256
2.772 9.401 0.237
0.668 1.270 9.150
9.268 6.303 8.878
4.794 10.685 11.014
1.935 10.095 13.477
13.789 3.915 6.586
20.558 0.297 3.280
15.350 2.864 6.108
2.698 5.670 10.915
2.865 9.027 0.431
1.918 12.434 9.663
9.711 17.288 13.573
16.785 5.689 23.251
4.214 15.279 1.468
5.347 0.596 8.314
9.871 24.403 7.481
20.610 4.796 2.919
9.222 8.685 1.729
10.856 2.496 14.786
2.451 7.118 0.221
15.673 3.191 2.681
1.816 8.595 20.540
6.024 4.618 4.219
8.631 3.498 4.953
13.801 3.426 6.940
1.377 8.964 19.371
5.311 7.797 3.827
10.510 10.560 5.642
12.476 8.269 7.502
1.644 15.716 0.660
6.668 4.049 38.337
5.325 2.890 6.705
4.689 0.763 2.822
4.913 7.582 16.585
2.730 4.963 1.771
9.026 11.228 13.812
0.139 3.231 4.908
7.049 1.724 21.210
1.124 15.827 11.272
6.546 9.487 6.834
4.198 3.626 1.064
0.081 3.892 6.574
2.445 12.695 2.255
1.336 12.317 7.542
12.090 2.192 0.553
12.395 0.834 22.930
5.433 2.431 15.186
11.940 0.661 10.134
24.648 12.932 6.999
1.425 12.199 0.730
15.014 1.622 6.734
13.562 9.397 7.741
4.382 4.598 6.677
0.213 22.789 19.097
1.883 14.524 11.496
4.337 14.007 11.402
20.894 8.095 0.380
2.445 14.779 3.784
1.600 0.282 3.148
4.995 10.011 9.733
13.739 14.618 1.694
3.923 15.018 3.293
5.219 2.671 7.143
21.927 2.335 1.264
4.836 1.940 11.282
13.626 19.223 11.544
18.595 6.764 5.060
2.603 0.018 4.747
4.065 1.768 15.747
0.789 1.230 23.293
15.406 17.089 6.378
0.538 3.197 16.835
14.316 0.491 6.170
2.754 11.595 25.048
5.049 9.312 5.948
8.742 17.123 16.402
0.693 8.237 1.041
14.579 2.991 10.265
1.673 1.646 12.444
9.398 4.992 10.789
13.792 11.955 12.563
2.849 8.851 5.514
2.020 2.335 6.976
3.714 20.631 1.815
3.171 1.177 4.394
5.959 16.866 1.473
6.820 16.332 3.581
5.101 5.035 8.232
12.799 5.010 2.938
3.678 1.177 5.979
0.351 2.372 8.676
20.134 9.362 5.599
14.749 6.545 4.840
15.168 8.096 6.477
16.879 19.019 9.945
7.137 2.573 9.890
1.919 0.100 10.175
17.121 1.671 2.500
16.138 10.081 6.525
0.143 21.084 5.425
14.499 10.826 15.343
2.142 12.326 3.572
6.132 9.987 3.383
10.331 7.422 6.454
6.661 4.593 11.239
11.688 9.775 16.185
0.620 8.217 0.518
0.557 12.063 3.397
4.068 32.255 21.120
3.882 5.162 12.674
4.132 5.566 3.131
1.938 11.400 19.328
12.480 4.955 4.636
10.117 9.874 0.572
16.446 3.051 5.761
4.750 22.299 3.736
0.733 9.063 9.996
17.459 11.929 1.220
0.909 18.010 5.456
17.265 2.658 10.680
8.379 6.387 7.506
9.292 5.789 15.736
6.720 9.663 4.544
9.551 17.824 14.814
7.196 0.925 15.035
5.148 7.248 7.453
2.118 1.172 10.607
8.555 6.153 0.679
16.998 15.253 5.026
6.339 7.769 11.553
32.320 20.791 11.776
4.111 7.607 12.298
25.167 15.101 5.690
10.964 8.409 1.912
8.276 4.560 1.399
5.563 6.832 4.075
15.413 10.977 0.998
8.814 0.591 9.532
15.471 7.923 8.977
7.630 27.615 16.426
9.711 4.227 5.061
2.426 0.539 2.665
8.252 1.697 1.928
19.491 2.070 3.181
8.014 10.397 10.149
3.065 6.100 8.234
0.851 14.602 5.912
7.093 2.080 1.593
3.397 6.577 13.272
15.189 4.052 4.530
8.096 11.462 3.126
9.097 4.713 25.623
2.052 13.261 2.737
11.183 8.035 16.579
9.449 11.091 6.220
4.013 19.675 5.729
7.105 30.641 4.996
8.163 9.049 0.447
9.580 1.731 6.860
10.467 9.579 11.957
21.337 8.694 14.634
2.317 13.836 1.198
0.843 8.562 6.551
8.611 2.043 0.734
4.692 3.942 15.556
7.881 1.468 20.399
3.002 8.924 12.394
12.520 4.253 10.194
4.658 11.172 5.868
3.554 14.358 20.831
16.003 5.739 8.035
12.510 5.138 0.537
1.152 10.584 6.496
5.777 5.522 1.201
7.386 4.466 3.341
7.081 2.829 0.343
5.553 8.038 11.121
11.756 14.176 0.520
5.369 14.032 14.578
8.820 17.362 2.865
0.286 6.992 0.938
8.870 14.182 14.329
15.933 6.078 4.536
11.343 10.038 2.015
9.398 2.520 9.620
8.502 2.851 15.195
7.652 2.553 0.128
19.734 17.120 4.277
0.676 5.929 14.246
23.482 5.352 24.087
8.744 20.517 17.734
6.765 10.657 3.155
3.097 4.161 18.591
17.885 15.640 4.990
6.357 17.447 0.372
2.560 19.383 2.216
2.251 6.605 0.749
5.552 17.781 3.290
10.955 11.080 2.813
14.210 0.421 8.294
9.259 19.946 5.463
6.694 10.506 1.118
4.075 4.271 24.372
5.833 8.331 9.562
0.622 3.740 0.647
5.080 1.974 2.043
7.014 1.047 4.950
3.423 3.491 0.397
5.963 4.781 9.924
7.216 6.143 1.326
14.021 30.981 3.656
8.272 6.860 3.272
6.160 12.305 11.194
2.964 5.935 19.475
10.160 11.881 10.560
1.009 6.487 8.694
4.346 7.090 4.130
0.159 15.180 2.678
8.199 4.206 2.915
6.608 3.628 18.890
14.827 8.116 18.730
5.855 19.170 2.433
12.225 7.299 8.234
3.171 0.686 7.149
11.025 2.210 1.662
9.335 7.254 8.624
14.435 12.633 2.248
0.609 0.279 8.980
6.110 10.388 0.667
11.528 14.196 1.594
1.566 14.851 2.140
8.884 9.346 10.670
1.791 16.736 1.102
12.129 10.231 4.626
8.897 9.292 4.881
4.021 0.261 13.119
1.990 1.810 1.013
11.091 12.178 11.931
0.388 17.461 12.657
8.941 14.239 10.023
3.516 1.383 4.402
2.852 4.284 2.078
10.528 1.488 0.948
5.391 18.183 5.289
1.973 15.833 9.605
14.402 5.961 3.495
7.313 8.240 7.483
12.767 3.979 7.079
8.310 10.575 1.765
11.747 10.257 11.090
11.185 1.156 5.206
2.152 5.973 1.880
9.758 1.508 10.135
10.745 2.610 0.799
15.811 7.766 1.688
18.285 17.410 14.514
1.894 3.941 20.233
3.422 5.948 6.767
12.072 5.414 5.875
7.830 4.717 9.217
7.963 1.396 6.535
4.990 0.730 3.412
14.881 6.094 0.558
5.614 6.730 1.638
8.531 5.783 10.727
4.506 3.976 6.900
3.852 9.084 11.909
5.880 1.854 16.070
11.903 7.576 5.245
18.215 18.957 1.461
3.172 9.733 9.468
0.118 9.901 6.683
0.794 11.723 11.258
14.935 1.181 25.815
4.328 21.518 7.670
2.524 13.679 6.215
6.142 13.348 1.743
6.864 8.229 2.044
10.231 0.599 3.585
4.260 2.077 9.964
20.704 19.026 11.446
2.447 1.394 1.889
21.745 4.935 2.588
11.764 21.406 6.648
7.202 11.523 5.792
9.185 2.728 11.531
26.907 19.837 19.617
9.507 1.603 10.523
8.657 0.585 4.922
16.597 11.171 16.575
10.615 6.822 1.811
11.100 3.442 5.744
2.148 9.190 1.543
3.905 22.764 2.808
19.640 5.237 2.315
10.023 2.569 0.801
10.632 13.945 9.246
4.074 16.953 17.190
0.701 1.252 2.956
20.089 13.590 4.607
3.234 5.915 8.587
0.121 11.587 14.208
7.265 0.197 11.664
1.490 3.619 17.647
11.646 15.014 14.721
3.945 6.460 1.747
3.848 14.866 0.676
5.482 3.925 21.453
6.475 15.047 13.114
8.517 1.983 9.258
8.532 0.548 8.073
26.232 26.273 7.070
11.001 7.410 2.513
20.679 2.399 9.635
3.497 5.292 0.209
16.204 5.871 3.856
2.118 5.573 4.785
2.700 18.144 4.737
20.195 14.138 5.756
3.004 3.274 3.550
3.511 12.869 8.103
8.326 9.625 10.746
0.227 2.717 0.598
0.733 9.801 1.922
7.679 2.642 10.230
14.083 12.148 20.899
22.920 3.777 13.271
7.107 3.646 15.146
9.787 19.661 0.937
5.775 9.240 2.787
1.749 5.417 7.175
0.426 7.128 21.093
4.614 5.023 0.720
8.699 3.653 4.139
8.818 2.305 2.777
9.581 2.901 21.593
5.216 18.861 3.503
18.175 0.530 4.899
10.616 16.274 2.636
3.340 4.540 15.750
9.125 23.376 18.449
21.090 4.526 8.704
11.602 0.887 7.001
24.759 11.075 7.384
30.964 0.328 12.392
0.436 1.021 9.091
0.525 13.036 16.592
19.734 13.972 7.048
6.522 14.248 2.835
13.509 4.290 8.562
25.976 4.690 8.288
18.187 20.189 11.313
4.302 14.776 8.617
4.774 4.014 2.776
13.864 3.273 4.116
7.409 18.405 1.122
6.253 20.304 27.250
13.500 3.290 5.539
10.172 0.104 4.674
22.802 1.547 16.639
1.137 24.585 10.168
4.027 18.988 20.430
11.166 9.297 4.080
1.466 3.256 7.509
1.675 1.183 3.187
5.210 10.304 1.333
3.788 3.728 2.761
22.773 15.068 12.706
7.485 5.573 6.446
13.935 6.975 6.419
4.484 5.298 14.163
4.267 12.909 8.526
2.738 4.269 8.274
20.245 16.277 15.019
5.824 18.735 3.357
5.201 1.792 11.557
7.817 20.675 7.138
12.062 1.902 11.818
12.139 9.768 16.796
16.630 1.547 8.136
7.203 7.456 6.115
3.552 1.415 11.039
3.658 0.798 4.422
1.945 17.543 2.327
4.246 1.369 0.367
4.055 4.632 14.374
2.820 5.021 8.457
5.671 7.942 8.067
2.792 4.638 0.907
1.160 3.329 6.448
6.130 4.333 2.369
10.458 14.213 20.993
5.661 9.120 9.888
1.889 8.163 0.128
3.183 6.476 12.929
11.300 18.621 10.599
3.112 15.439 15.605
10.185 3.724 8.988
10.849 1.864 9.360
20.340 6.894 6.312
23.689 2.714 5.962
1.577 2.968 11.215
0.574 16.191 19.325
3.207 8.512 6.447
9.822 17.743 7.362
5.782 10.240 12.698
1.486 6.331 6.944
2.647 13.070 8.254
0.806 14.765 5.821
13.628 4.435 6.524
15.136 6.931 17.100
10.214 1.514 2.648
10.797 0.469 10.713
3.335 3.718 8.732
5.472 8.652 12.024
9.293 12.858 7.820
11.605 4.813 19.325
20.381 7.015 3.312
16.286 0.660 22.740
6.102 2.059 1.367
3.461 13.940 5.106
15.558 4.892 9.375
3.657 16.091 15.036
20.301 3.068 12.711
5.378 2.585 9.798
9.777 1.430 3.316
6.098 8.565 3.129
2.695 12.664 8.512
5.901 8.380 7.664
0.736 13.181 3.122
3.559 7.758 2.254
3.916 17.626 1.594
14.246 2.122 6.600
0.146 3.542 14.620
16.659 4.235 5.368
23.343 1.510 18.958
12.600 8.282 5.087
9.744 1.181 12.946
9.925 6.467 1.991
5.044 8.637 7.026
5.048 4.986 11.230
0.126 11.817 9.129
6.964 7.360 2.734
23.338 2.104 6.793
15.097 6.499 8.486
12.793 6.988 4.769
6.652 13.836 1.200
17.382 6.721 9.783
12.371 2.204 23.319
5.885 8.030 4.463
11.273 2.927 3.323
2.507 3.811 0.518
24.880 4.174 8.173
17.776 23.597 4.642
0.902 15.023 0.658
2.487 1.151 7.884
0.506 10.937 9.161
2.127 15.920 18.910
2.478 18.321 13.753
1.728 6.055 15.767
13.341 8.648 6.063
19.885 15.203 19.837
1.282 3.786 18.046
2.151 8.196 11.013
16.714 5.175 9.080
8.663 4.546 10.990
19.597 27.685 10.390
1.450 8.097 7.248
9.052 6.747 5.610
4.969 8.898 2.275
3.707 4.399 10.133
12.499 0.819 7.522
5.532 9.785 15.469
7.374 7.111 5.969
3.849 6.517 1.921
12.304 12.876 0.482
3.567 7.616 1.053
2.430 1.529 6.391
11.569 13.623 12.414
10.608 2.559 7.114
1.804 25.539 11.740
15.818 11.903 2.826
11.565 5.634 1.605
0.119 4.582 19.624
4.052 6.514 2.652
32.245 2.013 5.706
17.934 1.791 6.714
9.470 4.531 1.293
12.788 1.934 15.146
11.936 7.158 2.802
15.556 1.651 17.555
19.360 8.847 12.987
17.604 2.380 9.941
1.999 13.300 6.169
10.788 16.511 6.922
0.891 9.568 17.731
2.773 12.404 10.126
8.722 2.269 5.967
4.307 14.056 2.481
6.584 1.801 8.945
4.125 14.250 3.357
8.705 0.332 4.130
4.674 1.051 5.746
15.492 9.013 4.134
0.465 15.881 7.118
9.197 6.330 4.554
5.967 3.160 0.037
9.623 1.693 16.507
10.072 13.794 2.744
7.831 7.087 1.622
2.901 3.063 12.309
10.688 2.093 2.670
13.899 15.715 4.009
11.009 2.553 11.926
2.880 12.638 6.833
10.352 11.739 16.788
10.463 6.383 6.591
3.065 6.079 4.743
1.247 12.487 6.765
4.658 0.835 16.246
3.493 6.667 1.790
6.831 3.972 5.665
7.018 3.557 3.912
24.531 1.913 7.430
3.386 13.846 1.763
16.990 1.024 26.450
4.954 5.482 8.250
3.182 4.008 5.355
6.704 9.093 3.796
6.111 1.619 7.336
7.812 11.720 3.845
10.753 6.651 4.809
4.122 6.111 1.962
3.424 4.619 5.612
6.848 12.342 5.223
0.994 10.561 13.976
6.567 5.345 12.750
4.566 0.245 4.653
3.806 21.154 8.586
1.080 5.294 22.764
24.649 0.144 14.051
12.431 12.446 7.987
4.181 16.197 13.435
7.416 8.143 17.529
8.449 2.749 1.635
1.902 7.092 0.799
18.728 11.632 9.332
26.546 9.731 13.613
1.587 22.041 7.723
1.044 14.566 3.622
14.512 19.969 6.387
15.412 0.430 1.970
11.620 3.726 10.546
10.368 0.210 11.808
5.453 21.782 19.166
3.029 8.735 8.554
1.914 1.315 17.296
1.779 12.846 4.385
0.727 6.521 0.345
4.033 13.076 1.798
9.474 7.343 3.018
1.314 15.010 20.594
4.159 2.703 3.732
24.591 12.671 1.060
11.937 16.309 3.400
6.543 13.751 16.273
13.940 3.425 6.267
3.890 5.151 1.525
23.064 5.296 8.924
3.272 11.276 9.018
0.544 7.567 12.788
15.361 2.416 8.072
11.004 8.995 7.909
1.203 1.147 6.991
7.555 15.622 7.806
8.248 5.779 5.326
4.577 14.051 0.130
9.889 0.645 6.553
4.331 16.577 11.432
28.726 11.508 0.728
9.538 4.591 10.988
6.387 5.186 18.386
1.050 4.991 21.625
5.257 6.615 6.069
7.893 15.554 7.899
8.987 15.369 1.239
1.136 3.538 18.494
8.233 15.316 3.855
22.338 1.457 20.909
5.714 6.088 9.660
10.570 5.055 6.298
28.397 16.722 2.862
16.624 21.221 3.825
0.843 8.552 0.384
4.967 3.802 1.940
12.706 22.583 10.902
8.583 17.024 2.505
21.419 6.813 13.030
1.327 9.601 1.252
1.262 9.015 7.072
0.331 0.458 7.550
15.383 30.912 16.097
11.140 12.060 9.217
4.660 8.239 14.433
10.556 9.927 3.090
5.570 4.491 6.214
7.168 17.376 3.228
14.253 4.668 1.411
8.758 3.867 12.331
9.126 1.996 2.275
2.031 7.512 9.484
8.674 3.409 7.500
23.966 4.976 2.804
9.022 8.870 13.480
10.532 7.850 12.238
20.885 5.858 0.277
19.915 2.360 5.839
11.439 3.358 10.370
2.119 5.872 4.469
15.332 4.913 19.751
6.458 12.215 2.967
6.210 2.952 10.306
8.058 12.756 16.158
1.928 29.765 4.119
2.597 20.450 0.114
8.222 7.191 26.418
0.682 3.836 4.761
15.251 3.700 3.819
5.087 13.780 3.254
18.114 21.957 1.809
9.329 7.032 4.439
11.892 3.156 17.757
7.703 2.489 18.691
5.783 8.268 11.310
11.010 5.779 9.476
22.791 2.980 0.032
1.625 6.256 14.108
2.581 7.550 0.317
2.359 9.002 12.705
5.411 5.187 3.300
4.761 14.591 0.776
19.482 0.219 7.568
9.742 15.212 2.129
10.674 22.690 0.284
3.017 2.063 9.279
4.024 7.468 1.822
6.967 1.259 4.243
10.683 10.994 0.043
12.700 9.952 0.012
5.483 3.331 4.110
18.768 5.365 4.153
3.802 3.650 12.963
0.903 0.162 5.874
7.089 1.666 5.187
4.523 2.381 7.886
7.100 14.481 8.557
3.720 11.083 5.974
2.699 9.793 1.546
9.512 8.587 9.031
13.102 1.367 2.726
5.930 4.663 8.338
0.869 8.315 0.873
3.051 18.230 19.807
24.073 7.873 9.681
26.449 16.864 8.468
10.201 0.566 4.429
18.612 14.927 6.639
7.933 19.399 5.740
7.628 10.222 7.796
6.698 13.683 7.035
4.279 2.018 3.061
2.891 22.010 17.199
4.237 10.481 1.227
10.865 3.520 3.933
4.014 2.896 6.208
17.809 3.540 1.816
2.825 8.089 4.168
4.830 12.920 5.899
1.249 3.085 11.437
10.224 1.561 9.893
6.547 6.373 8.664
7.237 2.980 4.705
1.208 1.338 0.146
6.006 1.481 1.414
9.744 18.810 7.190
10.830 12.144 1.174
3.779 15.132 1.099
5.065 4.191 1.141
14.883 7.346 1.809
11.998 5.467 14.611
11.594 3.726 6.174
2.267 3.419 10.549
22.889 1.954 6.163
1.211 0.983 1.062
4.487 9.067 15.018
10.615 7.573 20.474
8.340 8.248 7.320
18.913 0.707 12.343
8.475 9.623 1.981
4.908 3.989 3.801
6.240 6.886 10.381
15.045 1.855 1.290
13.854 1.654 8.991
21.660 5.102 3.456
0.136 2.488 13.798
4.805 6.042 9.343
9.313 12.618 4.346
23.539 1.816 14.716
4.242 10.475 2.406
4.989 10.831 7.209
8.100 2.896 2.688
7.020 16.243 9.706
1.253 11.460 6.525
9.597 8.501 7.450
3.868 4.012 3.171
11.110 8.311 6.520
7.128 13.996 2.080
1.281 5.981 13.092
0.998 11.499 7.070
19.819 4.311 2.931
9.832 6.566 3.700
12.365 1.633 0.754
6.841 3.170 5.574
0.680 2.371 7.552
9.452 10.358 1.486
6.001 5.378 2.948
3.108 2.929 1.020
9.066 1.982 17.897
7.103 5.639 7.292
7.575 2.495 4.361
1.066 24.815 3.800
8.335 5.329 2.016
6.508 9.199 7.356
8.856 10.787 9.219
1.584 5.908 7.057
1.185 2.439 6.848
0.051 2.756 11.797
2.579 15.237 16.085
12.590 16.189 11.969
1.896 13.533 7.886
16.174 8.773 17.442
0.773 9.994 0.395
5.929 4.296 3.126
12.485 16.561 2.448
6.831 14.471 13.543
9.579 7.009 25.013
23.262 18.416 3.039
10.857 16.926 12.733
3.592 3.632 19.200
21.984 4.260 22.218
1.096 2.574 9.472
4.208 10.396 0.427
2.168 1.378 15.991
7.588 7.412 4.822
14.663 5.461 1.949
5.398 0.050 4.351
1.611 8.368 1.929
8.352 5.843 4.105
8.674 9.477 1.630
10.471 1.545 4.568
10.255 12.690 4.898
2.307 5.900 15.473
7.330 13.988 0.003
14.034 3.328 19.512
7.842 0.380 11.514
7.431 5.054 4.552
26.367 2.366 5.643
8.739 2.011 9.288
9.068 8.020 24.659
12.212 5.623 4.964
0.844 4.810 9.966
4.178 0.522 20.940
10.997 18.054 16.855
2.894 6.975 3.348
0.196 14.111 20.904
11.743 6.651 11.814
2.053 7.039 0.250
0.510 8.846 11.096
9.296 5.464 2.395
3.519 0.497 9.772
9.616 1.443 9.869
16.444 3.635 3.458
2.752 0.414 13.554
9.385 6.166 2.787
10.017 6.006 8.002
10.511 14.295 3.820
6.614 15.029 9.337
7.477 9.168 6.045
13.351 5.893 3.426
22.898 10.788 5.792
5.463 3.821 4.599
11.778 12.376 7.716
2.230 7.921 13.791
8.959 6.351 5.529
22.841 1.815 0.938
3.502 2.249 13.939
4.432 2.104 21.831
2.917 3.200 0.133
10.882 6.861 9.895
4.685 10.788 6.103
2.271 10.340 0.713
20.718 1.762 4.428
0.177 14.688 6.803
4.124 16.797 20.628
6.773 5.663 3.680
10.380 7.280 10.746
5.514 6.840 2.195
0.364 11.585 1.715
12.817 1.132 17.148
5.284 16.222 8.833
1.231 11.528 9.074
5.637 17.871 0.527
0.274 4.184 8.410
26.047 4.640 3.369
23.405 23.259 7.889
8.074 23.895 18.463
3.851 10.253 14.736
1.057 11.547 9.926
3.248 4.756 11.851
11.781 4.834 2.651
7.741 0.942 3.446
10.293 9.290 4.533
5.301 7.904 6.402
2.591 7.560 11.856
2.659 11.562 1.222
0.934 2.922 18.149
3.630 0.061 6.694
3.380 19.476 0.438
21.579 16.771 8.267
19.046 3.386 4.868
0.332 8.953 4.907
10.821 2.392 2.381
16.902 6.610 1.677
0.300 6.191 4.278
4.245 5.056 4.910
6.781 13.487 7.652
13.399 6.868 6.827
9.119 1.723 0.192
16.062 1.988 7.531
8.497 15.968 6.502
2.497 0.916 9.701
11.991 11.767 9.482
18.484 4.454 8.243
12.382 3.526 3.401
1.662 7.290 0.153
5.343 7.628 9.697
7.112 6.637 1.088
6.029 9.220 6.417
