25
17
0 2424 3890 3015 3141 6316 5859 7107 7257 1517 4805 5686 5380 3393 1523 3249 7177 5355 1324 6563 2975 1711 7759 7243 4254
2424 0 5332 4457 4583 7758 7301 5949 6099 2959 3647 4528 6822 2235 2309 2091 8619 4197 2766 5405 4417 3153 9201 8685 5696
3890 5332 0 2807 2649 3598 3141 10015 10165 4287 7713 8594 2662 6301 4431 6157 4459 8263 3622 9471 2043 3183 5041 4525 1536
3015 4457 2807 0 2058 5233 4776 9140 9290 3412 6838 7719 4297 5426 3556 5282 6094 7388 2747 8596 1892 2308 6676 6160 3171
3141 4583 2649 2058 0 5075 4618 9266 9416 3538 6964 7845 4139 5552 3682 5408 5936 7514 2873 8722 1734 2434 6518 6002 3013
6316 7758 3598 5233 5075 0 2025 12441 12591 6713 10139 11020 1300 8727 6857 8583 1351 10689 6048 11897 4469 5609 1933 1417 2198
5859 7301 3141 4776 4618 2025 0 11984 12134 6256 9682 10563 1089 8270 6400 8126 2886 10232 5591 11440 4012 5152 3468 2952 1741
7107 5949 10015 9140 9266 12441 11984 0 822 7642 3908 2697 11505 4210 6992 4910 13302 3024 7449 1714 9100 7836 13884 13368 10379
7257 6099 10165 9290 9416 12591 12134 822 0 7792 4058 2847 11655 4360 7142 5060 13452 3174 7599 1864 9250 7986 14034 13518 10529
1517 2959 4287 3412 3538 6713 6256 7642 7792 0 5340 6221 5777 3928 2058 3784 7574 5890 1721 7098 3372 2108 8156 7640 4651
4805 3647 7713 6838 6964 10139 9682 3908 4058 5340 0 2487 9203 1908 4690 2608 11000 2156 5147 3364 6798 5534 11582 11066 8077
5686 4528 8594 7719 7845 11020 10563 2697 2847 6221 2487 0 10084 2789 5571 3489 11881 1603 6028 2153 7679 6415 12463 11947 8958
5380 6822 2662 4297 4139 1300 1089 11505 11655 5777 9203 10084 0 7791 5921 7647 2161 9753 5112 10961 3533 4673 2743 2227 1262
3393 2235 6301 5426 5552 8727 8270 4210 4360 3928 1908 2789 7791 0 3278 1196 9588 2458 3735 3666 5386 4122 10170 9654 6665
1523 2309 4431 3556 3682 6857 6400 6992 7142 2058 4690 5571 5921 3278 0 3134 7718 5240 1865 6448 3516 2252 8300 7784 4795
3249 2091 6157 5282 5408 8583 8126 4910 5060 3784 2608 3489 7647 1196 3134 0 9444 3158 3591 4366 5242 3978 10026 9510 6521
7177 8619 4459 6094 5936 1351 2886 13302 13452 7574 11000 11881 2161 9588 7718 9444 0 11550 6909 12758 5330 6470 1122 1702 3059
5355 4197 8263 7388 7514 10689 10232 3024 3174 5890 2156 1603 9753 2458 5240 3158 11550 0 5697 2480 7348 6084 12132 11616 8627
1324 2766 3622 2747 2873 6048 5591 7449 7599 1721 5147 6028 5112 3735 1865 3591 6909 5697 0 6905 2707 1443 7491 6975 3986
6563 5405 9471 8596 8722 11897 11440 1714 1864 7098 3364 2153 10961 3666 6448 4366 12758 2480 6905 0 8556 7292 13340 12824 9835
2975 4417 2043 1892 1734 4469 4012 9100 9250 3372 6798 7679 3533 5386 3516 5242 5330 7348 2707 8556 0 2268 5912 5396 2407
1711 3153 3183 2308 2434 5609 5152 7836 7986 2108 5534 6415 4673 4122 2252 3978 6470 6084 1443 7292 2268 0 7052 6536 3547
7759 9201 5041 6676 6518 1933 3468 13884 14034 8156 11582 12463 2743 10170 8300 10026 1122 12132 7491 13340 5912 7052 0 2284 3641
7243 8685 4525 6160 6002 1417 2952 13368 13518 7640 11066 11947 2227 9654 7784 9510 1702 11616 6975 12824 5396 6536 2284 0 3125
4254 5696 1536 3171 3013 2198 1741 10379 10529 4651 8077 8958 1262 6665 4795 6521 3059 8627 3986 9835 2407 3547 3641 3125 0
