1000 4977
454 680
436 931
751 761
934 43
987 140
939 60
578 660
498 625
923 688
908 594
122 197
873 651
268 753
179 54
938 744
881 986
881 365
503 921
25 279
171 692
637 509
747 613
13 334
52 735
563 766
145 606
130 170
740 588
266 503
305 717
251 194
1 281
200 335
1000 877
917 974
518 201
612 700
619 231
599 619
780 135
962 675
163 159
751 518
19 748
40 732
741 97
210 158
49 228
638 38
620 597
743 324
822 905
13 284
71 911
185 804
113 263
127 553
168 694
4 728
904 565
536 867
431 811
852 274
25 188
796 746
592 537
431 744
703 385
227 664
625 274
727 702
292 548
234 289
695 679
291 951
73 968
790 794
437 546
630 209
792 900
614 212
931 883
101 495
395 251
35 926
19 976
970 825
574 12
605 967
870 948
411 56
142 839
658 996
329 42
676 869
954 677
169 939
294 855
25 481
61 371
494 258
340 768
233 985
162 666
788 503
130 774
114 930
704 217
501 318
83 337
192 493
375 919
232 159
801 175
269 465
35 105
263 123
60 739
420 579
547 504
478 274
351 544
941 117
447 423
256 674
583 373
252 809
770 818
381 990
311 342
81 673
147 107
45 209
176 542
927 376
891 598
849 790
382 516
788 271
311 941
489 968
574 845
781 701
117 345
336 139
852 812
354 338
513 277
412 669
168 252
509 202
110 376
420 763
477 929
461 480
924 187
766 228
280 658
584 123
311 105
714 297
697 503
680 345
455 35
822 178
115 796
176 270
924 953
799 80
639 655
50 593
750 315
571 17
594 585
888 726
708 768
906 163
908 131
690 258
469 687
935 493
766 507
435 992
149 801
37 315
667 812
127 239
379 842
68 908
305 502
180 710
217 372
950 486
130 792
889 825
994 731
216 363
931 64
641 237
942 222
590 184
204 339
208 150
205 735
463 104
319 471
1000 327
755 295
982 491
70 518
961 967
4 327
377 921
769 820
369 485
847 278
481 803
777 257
288 109
412 183
433 30
470 280
580 896
474 962
699 202
530 598
424 605
663 623
292 162
541 772
482 202
998 655
88 746
485 995
767 523
369 123
772 565
183 31
58 161
810 490
421 902
354 373
372 84
210 420
891 70
945 735
712 745
68 794
397 892
254 144
220 202
103 528
768 333
370 94
78 343
354 228
164 348
906 194
128 841
506 27
580 80
54 308
683 124
934 65
50 932
614 67
580 762
524 351
908 612
506 138
415 387
336 339
259 472
333 652
299 177
193 332
631 950
457 742
626 81
256 593
864 678
403 290
151 896
329 909
134 598
7 732
446 324
333 11
383 38
335 347
37 626
355 138
520 863
584 511
785 757
453 52
48 160
621 752
590 309
352 900
59 776
830 356
765 743
558 290
688 269
227 923
1000 708
361 858
431 667
452 892
513 854
571 827
440 701
369 96
425 278
190 22
246 83
518 199
102 825
784 672
322 611
945 612
490 90
643 656
719 79
78 310
248 435
724 748
908 833
102 648
910 613
342 721
769 315
199 696
366 568
718 269
333 999
463 71
618 225
121 591
909 105
714 3
988 422
474 148
845 950
208 10
422 148
635 472
737 507
506 156
126 733
418 92
860 213
360 33
827 260
167 799
181 67
815 886
556 325
210 949
669 623
321 222
874 348
506 921
397 790
287 75
163 908
230 845
916 643
441 50
705 187
906 108
100 699
656 438
694 402
749 722
895 311
454 802
915 461
76 669
746 832
918 874
166 975
425 652
906 674
173 278
265 205
376 787
485 362
697 516
836 730
734 868
545 355
477 757
289 921
888 174
818 659
411 235
103 42
180 562
415 126
136 932
401 398
102 680
882 65
507 523
466 87
295 205
725 858
390 909
961 748
763 373
784 670
262 854
856 24
913 641
751 170
327 409
882 263
429 734
167 606
384 35
704 767
383 707
961 810
657 262
418 690
211 929
656 626
307 734
397 23
271 955
186 326
310 983
449 850
901 272
223 105
481 666
189 201
300 519
327 609
156 950
377 140
779 456
513 776
571 977
823 623
536 524
849 858
19 140
267 289
333 735
118 192
136 975
305 1000
784 400
329 788
880 868
94 963
168 469
330 485
599 830
261 472
942 806
614 56
780 31
449 403
624 791
821 304
436 146
793 702
800 664
716 869
192 699
636 876
656 420
450 443
998 841
683 791
422 249
636 148
351 632
483 659
543 153
174 35
600 950
271 318
970 898
339 70
2 678
263 138
295 320
328 950
711 263
45 846
599 662
433 990
530 580
895 460
763 65
864 746
611 70
777 229
852 868
781 352
322 154
640 864
216 711
592 735
478 892
793 626
421 273
96 819
98 510
320 818
961 804
204 99
192 80
714 539
948 550
704 622
239 659
856 486
261 227
834 807
427 14
727 485
376 733
167 917
547 662
825 428
470 59
589 953
36 452
274 315
165 749
721 724
590 824
354 13
355 316
193 137
765 131
909 681
913 144
451 885
418 132
916 251
862 262
607 924
358 215
650 926
81 198
887 223
246 717
317 659
909 420
395 233
768 589
567 290
952 953
720 854
517 212
902 546
168 445
331 987
189 696
297 735
245 70
834 803
429 692
47 773
48 941
285 69
233 812
783 177
307 232
660 119
492 212
772 617
311 383
96 953
508 655
452 140
262 597
416 809
738 184
149 172
206 450
503 976
338 641
710 489
765 711
360 653
637 886
609 368
296 149
208 892
246 787
757 532
781 711
657 140
416 420
307 832
753 144
492 104
616 14
719 94
683 294
287 599
294 531
537 746
461 172
149 375
814 991
85 981
339 383
584 417
911 318
10 12
219 787
345 377
312 257
195 601
943 18
134 909
943 452
161 150
247 646
870 158
359 72
683 274
797 150
691 964
866 46
793 670
460 123
960 308
614 11
427 258
173 707
723 539
657 244
398 707
145 184
730 894
865 60
167 817
524 540
176 332
529 434
83 22
725 894
127 722
229 265
458 487
498 996
525 337
984 472
360 989
325 597
532 72
965 842
787 490
766 34
386 763
242 84
379 178
939 848
318 588
818 428
541 737
569 453
330 587
328 928
695 286
477 811
901 398
723 687
899 841
300 881
303 420
892 967
895 853
400 707
143 570
663 92
628 301
664 286
335 992
60 228
226 659
647 559
997 592
870 806
542 392
384 334
68 817
750 230
558 847
988 738
534 9
921 974
296 18
334 622
547 810
85 999
628 841
534 506
546 92
399 950
662 173
994 978
645 614
357 962
330 929
722 277
818 26
857 62
840 243
135 101
750 399
223 778
143 841
572 109
899 487
296 251
242 222
596 430
887 377
724 589
122 632
248 400
231 896
582 1000
533 33
113 512
40 224
683 669
301 69
548 883
563 643
140 848
126 979
786 840
514 69
852 26
234 26
310 472
723 914
822 455
287 443
806 285
450 853
71 103
56 324
679 691
4 44
892 12
859 822
256 448
220 945
256 371
5 646
371 519
871 700
599 247
782 966
525 258
470 772
89 992
309 394
827 646
312 983
737 455
95 948
525 347
367 139
447 609
982 84
621 492
850 158
610 251
698 929
466 131
58 919
391 326
59 434
330 906
905 434
176 630
910 559
624 687
938 400
329 88
292 84
556 342
10 526
813 758
682 799
816 235
160 820
509 731
960 652
238 550
219 860
431 93
173 232
727 705
764 77
323 519
712 59
207 635
568 906
255 938
897 159
1000 233
628 247
573 591
167 352
298 644
444 605
944 158
873 579
86 144
470 709
416 561
433 739
2 867
442 106
336 537
5 929
459 17
282 946
835 411
301 672
730 818
445 776
568 126
840 803
418 550
200 461
163 321
652 912
499 228
393 695
241 227
156 580
568 546
418 665
255 227
94 580
845 436
314 870
886 544
478 902
689 818
579 559
466 109
124 881
160 186
364 826
74 429
458 435
165 372
168 511
195 635
562 894
651 596
429 392
857 335
567 763
434 981
298 898
246 930
351 301
438 565
665 170
370 608
859 337
830 591
350 389
634 513
200 334
476 169
360 107
638 642
16 834
401 980
697 105
972 850
684 964
226 620
425 575
845 162
637 303
323 612
378 436
475 417
846 673
723 135
438 315
905 400
654 106
86 612
527 251
168 826
730 178
797 773
969 986
30 65
210 14
270 959
949 181
312 485
607 686
866 414
171 202
574 825
995 693
921 34
764 719
130 225
363 821
289 202
515 986
420 414
350 589
573 635
574 128
151 286
317 71
259 237
582 38
657 810
379 949
788 993
185 652
662 512
807 676
594 976
521 368
522 334
447 746
905 420
744 732
690 511
636 986
413 612
410 473
36 768
734 443
827 186
280 368
149 341
243 733
282 128
463 318
690 562
543 944
657 513
253 214
568 782
238 992
738 911
244 978
888 43
427 172
673 641
856 671
782 139
319 588
510 334
77 281
718 766
499 644
961 623
67 968
874 472
875 628
569 500
308 72
401 410
586 955
330 989
132 286
204 833
7 308
173 513
739 854
752 936
556 724
488 546
114 863
776 437
329 259
916 811
823 178
298 181
320 976
63 184
814 608
563 54
780 472
512 617
65 107
822 330
638 377
113 687
268 793
442 14
479 968
634 538
305 318
16 482
793 655
128 684
843 928
769 773
539 33
866 844
171 725
944 526
200 356
935 6
323 485
750 523
751 684
843 746
916 217
937 609
19 902
737 725
169 66
831 462
615 525
814 71
818 881
283 525
529 811
500 211
913 504
70 898
882 274
310 811
189 925
371 44
336 434
173 960
155 128
563 63
563 754
637 207
893 242
110 132
173 709
612 817
793 121
722 839
463 70
339 537
410 555
323 774
433 183
695 557
897 414
68 229
661 792
50 977
886 660
6 338
155 564
85 443
503 92
241 126
514 235
949 977
257 293
28 260
136 38
785 979
85 753
714 668
624 364
56 54
311 485
77 696
336 612
206 883
686 132
173 388
997 487
724 973
618 892
969 810
303 157
743 591
127 589
400 757
221 557
534 637
422 204
665 983
998 915
910 540
361 64
219 121
110 912
436 99
58 772
662 827
292 562
370 270
613 109
759 194
712 785
86 562
732 955
307 133
222 56
476 670
411 838
378 735
274 964
690 483
469 86
604 170
418 830
770 318
311 823
296 500
720 526
868 140
997 85
351 141
728 641
693 34
543 778
715 326
899 952
41 320
526 313
5 293
958 405
389 459
98 757
68 49
982 944
548 251
876 664
988 994
389 817
112 352
555 148
938 865
151 140
924 967
247 999
547 494
729 471
450 519
875 448
881 915
454 199
102 477
629 54
529 92
98 117
657 344
816 599
11 387
488 211
269 391
179 236
733 24
329 319
255 412
849 944
791 973
574 295
522 252
599 70
155 288
941 833
190 933
470 525
586 810
896 224
643 234
256 376
323 98
168 846
529 844
384 9
796 47
853 443
637 802
980 550
584 284
485 854
687 289
643 123
720 204
3 216
238 91
939 106
65 921
653 707
139 264
638 468
730 925
233 579
324 465
859 307
753 863
19 80
259 617
776 551
20 66
134 411
379 36
798 249
449 107
324 171
235 987
312 493
860 338
553 448
882 963
421 197
114 345
442 186
831 676
388 18
562 270
229 274
835 459
812 38
401 289
884 652
226 193
256 676
226 533
938 960
721 464
613 706
905 281
298 38
265 231
335 462
759 963
747 817
930 700
897 55
183 278
520 416
922 636
244 171
23 713
997 878
524 877
898 231
545 979
895 854
947 35
654 981
915 103
159 852
621 946
418 133
19 65
771 667
791 850
991 124
207 812
698 687
279 912
351 528
642 880
789 377
25 143
958 35
267 509
916 672
167 478
311 549
441 748
283 229
156 730
63 239
195 529
342 415
111 97
203 967
849 73
418 157
117 59
212 225
728 318
607 743
601 23
660 540
933 274
962 177
263 434
332 264
541 858
906 813
621 811
547 984
363 688
866 742
827 718
862 835
835 148
629 939
190 488
366 724
818 775
214 841
360 840
125 354
604 142
363 110
649 805
216 484
167 471
333 480
356 929
191 477
86 824
545 757
492 233
734 713
643 193
284 550
636 947
618 858
584 966
364 482
547 157
273 81
238 214
683 906
902 274
298 107
393 996
961 236
410 215
163 148
214 977
393 447
130 306
165 623
521 766
294 696
227 538
830 990
427 975
944 243
708 976
458 56
216 810
602 665
658 266
505 90
807 442
790 552
134 79
230 326
962 459
469 839
323 840
587 7
472 184
99 932
770 812
401 140
238 110
845 62
242 648
849 128
835 898
572 19
712 333
513 185
16 824
127 996
328 630
630 473
189 992
558 166
740 781
959 598
207 973
160 746
530 425
1000 838
218 141
129 382
522 421
913 617
796 356
281 414
801 154
603 431
215 502
454 499
270 526
311 873
438 147
455 76
149 996
294 514
43 699
210 713
125 258
411 482
655 702
535 102
91 224
493 204
882 886
276 790
20 986
285 746
378 577
48 72
358 958
694 804
200 552
774 758
443 34
83 406
850 39
708 896
251 963
470 569
199 271
612 559
294 826
919 39
997 902
728 664
714 865
515 848
784 789
202 93
115 724
780 423
22 341
79 817
940 373
708 810
541 540
283 193
467 540
1000 802
143 731
860 119
535 567
861 898
95 47
749 349
63 952
779 507
246 588
303 686
89 387
548 705
491 838
19 424
386 369
591 374
792 744
850 387
133 5
787 537
199 275
907 415
386 635
547 417
823 374
927 687
127 300
273 213
149 744
494 885
8 497
815 915
524 87
451 5
727 696
20 390
197 137
489 832
617 483
734 111
910 533
240 799
234 872
166 956
463 159
709 856
999 260
553 858
303 710
911 285
876 593
236 158
817 55
619 809
972 234
204 334
558 653
80 109
297 844
355 805
500 845
502 692
763 538
801 67
175 504
213 565
371 47
901 584
75 233
511 304
362 565
475 343
996 848
980 710
616 203
801 615
583 412
344 555
257 955
287 88
380 577
597 860
386 336
499 914
279 80
541 936
176 804
134 94
747 159
179 667
491 22
934 103
590 763
386 557
829 759
226 812
923 308
28 455
157 171
982 896
548 171
399 635
845 919
576 538
149 96
282 279
842 131
884 630
176 765
232 490
231 402
603 80
749 540
255 973
74 633
555 526
37 827
371 362
460 604
227 315
410 306
104 249
841 641
823 170
199 833
366 691
919 838
755 442
901 679
978 900
615 4
122 773
124 858
290 504
491 594
691 773
535 408
594 692
519 706
634 85
751 34
981 480
139 23
821 892
210 290
241 223
938 335
477 65
4 148
207 573
10 289
283 69
128 124
752 985
110 861
36 64
661 884
761 388
171 197
711 24
69 24
43 35
307 504
889 140
2 406
5 986
208 695
332 464
50 579
889 662
232 143
759 959
602 591
783 123
478 776
180 172
161 588
148 803
384 884
115 346
830 631
445 597
634 521
867 27
853 318
764 290
468 871
360 552
808 967
970 567
940 931
421 917
725 526
743 166
256 92
196 809
450 124
414 14
587 424
553 917
534 944
187 550
689 664
67 313
752 951
88 406
217 904
235 281
399 688
860 678
720 903
935 361
827 352
352 726
578 550
893 296
118 909
745 701
49 650
112 813
171 839
859 588
396 787
309 30
888 465
76 804
645 570
741 608
464 622
508 604
366 645
697 811
901 505
397 161
939 8
802 258
965 595
583 499
253 908
860 836
74 372
37 982
793 853
812 681
816 371
924 472
191 316
265 589
268 161
877 280
226 96
899 138
475 601
149 140
259 107
316 215
631 119
728 120
984 482
605 963
587 376
933 410
384 834
810 610
166 979
994 423
226 381
874 996
728 999
691 157
565 854
965 337
889 401
551 664
770 321
772 528
291 635
524 779
451 39
907 88
998 556
305 398
660 368
879 364
365 97
606 309
728 199
831 818
959 211
246 81
934 966
874 339
305 84
307 463
694 914
476 865
554 820
366 309
261 673
248 768
924 153
48 327
691 117
784 817
341 121
676 487
18 44
914 978
772 904
476 805
224 430
826 224
442 72
558 775
426 204
18 443
762 162
563 504
639 685
855 608
798 758
572 409
642 290
254 787
697 821
165 188
410 162
603 557
715 139
907 672
688 843
836 201
711 975
458 120
927 42
422 437
58 867
311 631
989 928
292 571
79 715
961 371
83 195
1000 391
312 742
639 387
342 257
821 231
58 978
113 18
521 544
871 187
525 964
906 122
895 687
270 461
790 813
787 152
988 674
590 154
1000 701
405 139
459 676
375 653
873 870
13 290
401 604
279 270
770 339
241 681
40 471
866 274
167 204
889 601
857 410
585 368
344 56
909 412
219 222
826 106
129 202
558 567
48 355
637 444
643 640
397 768
384 371
737 91
204 627
173 817
597 900
637 738
449 9
587 178
18 30
787 596
919 420
247 141
905 673
157 904
410 570
874 35
616 851
271 42
273 447
500 311
297 126
8 201
942 622
943 871
578 922
178 811
695 694
125 16
587 77
474 943
236 706
25 316
634 766
840 479
259 54
317 273
320 56
600 293
157 277
108 805
587 218
988 612
831 195
920 97
446 495
634 19
135 247
366 162
29 987
643 369
749 706
770 841
894 540
38 92
497 523
95 5
25 331
903 551
650 25
980 106
998 130
640 31
640 580
364 605
366 503
719 890
187 64
246 601
744 664
799 359
529 316
323 448
297 471
675 735
876 286
226 54
340 742
124 503
68 991
110 765
808 34
972 693
378 63
296 483
548 948
539 148
405 992
563 26
429 463
345 812
288 588
436 263
353 851
476 289
60 507
441 623
613 54
960 126
541 687
856 688
708 798
618 873
62 528
72 622
633 844
897 505
790 589
366 510
556 269
739 55
723 666
940 348
192 850
85 803
449 10
750 559
436 331
164 835
772 821
610 824
60 684
759 326
667 419
210 586
962 583
86 120
396 251
824 540
695 363
917 951
159 688
167 583
41 252
759 387
972 689
18 33
802 930
736 891
35 700
586 861
606 664
791 644
88 144
122 762
605 277
827 712
718 225
849 835
354 2
178 976
834 280
145 319
638 920
587 557
716 106
697 93
573 884
94 954
386 34
77 184
20 874
888 977
704 686
797 671
691 635
101 955
500 520
125 727
695 352
257 540
717 819
574 900
861 667
130 958
61 525
391 116
431 630
444 598
181 27
594 622
593 833
61 928
351 646
83 600
945 280
946 486
412 270
605 675
604 941
570 304
158 701
239 528
989 869
369 420
574 230
441 973
995 911
371 562
243 400
206 108
530 431
947 487
971 828
255 463
129 356
717 742
618 462
178 385
571 652
372 904
28 826
620 503
658 212
752 7
505 33
865 821
826 565
195 614
382 748
112 461
687 35
980 468
673 334
676 304
769 360
553 75
720 725
16 654
517 810
297 856
282 902
444 665
943 463
230 8
640 507
949 111
520 87
592 996
663 395
972 36
478 2
499 187
877 546
708 922
602 706
214 402
340 841
578 264
91 904
384 494
527 520
679 925
77 170
297 236
637 653
651 464
983 356
893 669
231 794
470 980
144 841
895 371
453 300
971 201
20 641
169 668
57 505
25 608
636 302
943 146
481 925
603 616
698 187
849 560
146 811
344 811
128 407
296 87
607 732
856 830
98 198
478 768
778 497
413 289
618 39
467 391
85 60
798 9
179 114
548 270
14 557
765 414
844 964
117 331
851 471
997 348
425 264
610 812
859 279
678 178
790 919
554 689
939 674
393 31
136 874
282 437
482 148
895 662
396 372
290 921
68 807
536 929
421 887
243 308
650 92
724 443
181 123
174 555
601 304
124 497
16 394
970 71
397 394
607 709
893 413
150 69
779 851
107 225
303 681
343 411
18 309
751 561
192 51
720 594
536 639
992 929
336 331
176 940
825 820
283 494
305 61
268 135
63 121
821 610
345 746
241 959
40 233
918 201
205 103
578 963
816 439
942 853
357 993
780 631
909 511
91 64
459 484
95 967
996 648
721 334
120 123
764 700
220 943
390 107
400 96
168 220
115 128
723 778
649 659
905 761
817 591
662 90
732 964
25 39
769 855
330 935
810 365
560 605
629 540
945 300
190 651
603 849
603 260
324 507
16 175
823 667
200 678
572 423
555 409
498 490
816 390
83 137
84 249
750 939
982 109
173 465
307 752
894 809
200 352
552 981
185 601
632 523
258 170
601 551
424 222
317 450
564 979
122 874
719 406
824 437
436 955
360 114
610 903
345 138
543 485
759 234
825 733
246 475
447 302
893 309
134 326
272 161
329 413
323 853
719 970
975 105
781 610
961 192
893 532
283 547
78 51
784 12
620 725
506 496
788 588
354 917
259 119
261 844
996 356
282 188
887 802
781 166
565 132
821 383
345 430
604 686
236 912
283 132
518 177
669 315
83 456
356 106
104 963
466 726
307 221
626 687
947 894
4 718
376 90
388 813
852 967
279 757
214 925
857 111
436 185
897 651
256 98
534 373
200 485
133 676
740 809
962 540
279 874
545 87
639 851
779 409
396 377
445 325
130 320
755 406
32 622
908 855
339 257
585 550
527 911
87 805
256 128
455 608
520 258
78 339
243 839
476 119
679 561
247 706
418 52
895 364
324 700
165 147
971 123
220 992
920 353
316 345
688 274
167 803
285 188
329 399
520 915
316 131
7 313
866 109
877 519
765 66
4 157
712 487
416 111
609 11
534 767
755 395
160 681
902 115
530 162
66 188
797 446
640 142
53 288
606 712
343 964
958 456
135 589
528 588
78 346
944 954
522 331
31 926
342 896
272 7
436 912
2 176
383 966
77 279
876 213
136 385
466 453
583 498
949 995
913 770
805 820
41 107
437 805
938 193
923 200
303 712
905 467
9 742
873 89
467 286
657 623
582 627
859 321
770 60
906 142
348 80
444 956
647 632
946 461
851 622
689 383
466 231
907 983
530 262
235 430
580 34
145 954
602 411
438 65
645 87
165 156
79 794
522 738
355 143
765 477
836 188
670 911
381 163
449 318
678 212
605 318
606 9
73 867
129 78
223 890
296 922
499 856
861 981
524 772
859 566
834 40
714 406
53 146
482 631
220 243
522 773
972 405
149 244
740 124
372 54
227 342
73 493
193 346
124 348
31 968
162 692
677 184
884 766
569 450
240 987
441 46
738 812
478 702
335 484
500 914
375 845
859 605
824 489
296 55
721 39
422 203
902 577
797 927
448 807
618 882
583 339
85 936
17 483
418 579
365 275
57 546
900 34
296 891
919 313
615 834
212 973
583 917
50 361
328 300
808 385
844 186
40 598
381 346
22 911
309 666
850 337
208 924
10 975
634 328
870 345
229 47
391 848
499 567
663 176
182 705
398 898
844 867
556 72
236 62
226 157
788 900
303 212
910 420
144 707
514 11
454 800
19 696
223 987
350 209
4 428
354 579
45 906
246 989
135 17
619 664
46 660
545 640
120 172
786 596
698 207
602 119
21 90
131 803
996 915
961 13
597 107
447 473
29 234
655 671
473 953
77 350
917 810
510 93
683 117
174 6
637 443
30 748
508 241
934 390
662 27
683 319
938 77
943 121
613 178
906 860
941 838
674 147
426 52
940 596
288 996
307 266
474 48
721 17
948 116
544 767
267 158
303 761
566 155
950 762
53 994
476 195
520 436
354 896
478 625
407 224
634 932
546 152
603 872
179 564
849 880
899 645
183 964
21 468
719 749
889 292
173 920
597 27
618 496
18 930
412 713
593 184
307 878
215 585
163 104
438 585
539 996
149 368
206 142
246 956
455 436
239 190
214 661
603 509
344 489
59 377
274 428
257 108
169 341
903 550
117 55
190 215
563 462
835 936
9 978
380 756
288 677
704 551
879 274
600 627
620 225
663 557
61 763
292 191
297 908
429 609
618 982
485 933
159 274
895 457
805 977
463 511
916 865
765 517
544 806
665 26
653 891
154 832
252 775
182 682
399 336
683 240
960 539
998 394
984 855
37 726
597 89
835 768
324 880
714 364
554 111
238 908
991 856
8 7
110 520
527 176
553 440
369 135
860 5
364 860
536 168
203 484
887 448
885 59
336 361
689 992
386 434
873 406
68 944
606 992
73 11
384 426
515 820
203 373
865 678
245 377
320 925
524 950
66 551
450 272
514 966
587 644
35 67
457 482
511 51
4 932
988 235
939 726
889 794
28 495
727 181
260 5
637 128
513 316
270 596
764 499
53 954
435 842
665 359
934 975
7 249
797 341
813 97
797 423
545 310
66 713
527 628
307 26
808 896
785 728
75 214
477 726
574 252
541 493
834 35
378 582
736 348
857 512
238 753
791 869
647 111
369 517
449 213
500 965
891 146
16 43
235 598
179 197
254 92
148 892
865 486
695 749
3 486
814 511
444 231
185 231
874 201
246 280
451 280
344 819
640 744
933 874
291 419
112 319
395 855
938 359
740 12
620 703
617 188
727 841
781 422
927 304
333 487
179 44
381 848
128 671
309 198
292 130
219 966
404 964
83 712
496 900
411 193
657 233
323 438
17 519
472 465
626 632
950 625
37 7
419 596
350 925
846 518
316 533
872 883
433 51
616 925
319 642
323 701
253 367
325 405
360 423
6 946
852 579
338 409
1000 172
907 328
801 368
360 960
235 35
435 46
626 858
660 701
679 108
899 82
414 315
922 548
331 904
300 42
708 705
378 44
231 706
474 792
113 966
404 963
259 559
316 701
298 80
961 251
47 106
25 473
912 417
379 7
217 928
843 692
606 848
537 820
938 733
245 195
564 495
217 331
249 733
530 155
508 638
736 660
110 211
809 72
469 795
367 224
371 741
248 825
100 826
891 17
998 983
505 385
378 881
176 631
200 6
458 675
366 697
314 729
556 936
723 712
740 935
745 302
466 492
267 639
452 228
843 732
625 609
422 257
368 700
665 544
354 950
888 301
296 703
269 274
637 590
563 791
621 788
506 211
397 661
238 348
183 62
862 826
991 903
903 289
190 387
541 617
522 130
104 832
834 13
512 487
307 741
786 847
218 894
644 313
920 407
791 993
843 497
325 884
121 105
49 143
621 220
180 983
70 82
328 66
905 123
531 223
541 653
886 464
192 775
634 610
545 773
927 374
729 411
180 582
163 679
330 957
350 999
99 293
317 145
122 59
267 363
837 811
910 143
29 302
980 881
242 922
315 103
498 957
196 415
173 434
272 555
305 762
585 69
70 625
752 408
761 504
751 666
599 623
167 611
3 450
467 96
904 706
10 785
728 465
10 627
816 851
547 129
729 806
876 595
697 346
606 548
862 433
314 747
16 395
358 56
595 141
171 184
45 212
780 920
945 974
450 17
105 775
624 198
491 490
770 166
736 53
475 494
720 159
722 581
740 804
300 857
871 985
488 713
527 710
780 420
421 348
133 706
975 591
173 427
962 103
618 456
799 198
569 849
452 51
449 834
972 140
693 490
618 663
688 731
647 181
191 951
801 284
340 904
911 356
751 430
91 201
18 247
882 212
396 942
521 506
760 414
744 141
238 7
301 867
425 326
657 384
472 976
345 326
492 806
176 713
637 390
242 198
61 642
761 52
320 516
859 516
450 302
505 758
864 986
274 205
718 394
776 172
389 337
893 646
905 351
85 23
378 361
72 713
839 883
60 804
333 946
350 672
847 356
386 243
297 344
261 151
136 602
653 544
209 929
191 956
796 789
591 69
16 837
18 89
589 67
370 236
409 811
292 288
284 898
603 817
638 95
287 194
179 973
58 98
440 843
307 85
8 964
499 159
317 188
85 54
357 906
585 596
893 115
413 286
876 410
254 983
506 818
216 538
441 26
739 479
686 544
300 236
764 768
764 461
654 713
81 726
699 480
612 775
404 377
575 487
445 595
190 835
690 152
46 377
88 773
435 24
77 936
261 598
245 428
156 281
265 817
830 682
180 602
658 973
606 346
316 824
782 181
457 559
980 289
614 833
893 323
542 477
262 272
597 790
755 810
468 71
912 64
362 27
877 285
993 107
163 925
57 821
534 801
3 629
522 220
958 109
299 205
779 304
564 631
227 25
927 967
470 347
327 763
952 635
603 597
459 387
495 138
723 952
226 352
210 494
924 52
1000 775
35 775
634 771
625 430
288 659
441 330
41 845
522 485
371 9
777 270
320 762
923 878
699 464
467 432
630 926
935 177
750 840
372 926
938 206
426 852
298 33
27 671
527 483
311 137
124 921
378 972
379 54
568 372
363 144
914 288
475 289
242 953
246 849
575 754
619 867
619 438
255 383
269 497
325 783
435 867
37 160
313 968
173 853
230 339
601 285
144 904
390 109
49 44
330 880
2 757
708 504
481 817
760 548
45 870
155 103
531 617
196 726
578 932
808 838
902 496
348 953
972 406
862 922
442 306
687 598
413 335
524 289
265 417
431 985
233 930
380 951
752 783
734 424
20 715
628 352
532 304
665 896
752 427
568 132
317 739
650 987
584 411
250 710
325 642
180 334
887 570
552 356
753 658
672 161
972 175
494 594
425 580
868 286
649 559
82 15
991 880
102 385
247 811
413 731
380 744
454 185
364 388
508 583
80 979
118 202
392 197
1000 122
637 304
548 332
930 349
358 90
382 224
220 203
972 960
184 977
431 368
922 67
317 192
283 519
85 897
110 291
934 396
770 597
919 231
723 990
444 197
467 617
907 964
597 904
250 705
297 98
677 486
969 181
988 119
455 504
793 442
354 576
567 674
636 795
962 600
582 443
662 778
307 1
18 948
845 502
344 537
100 51
83 93
339 199
584 821
343 66
273 703
421 680
759 986
698 672
118 395
45 436
526 930
412 6
693 504
786 682
694 660
182 729
842 766
129 438
76 462
77 472
576 452
399 891
728 644
189 686
324 55
918 421
426 188
4 501
899 195
999 131
32 128
149 39
913 860
571 981
454 380
76 172
938 275
354 897
705 111
464 406
448 496
297 104
493 672
638 101
624 270
770 110
531 394
863 735
773 702
541 465
282 654
615 399
740 170
935 30
453 511
16 701
18 132
848 374
521 235
170 532
357 662
800 958
31 981
837 546
253 581
452 11
697 977
626 823
602 479
408 128
831 493
981 832
81 807
470 643
1000 874
371 138
837 947
917 630
125 993
640 688
474 171
700 123
295 817
207 494
310 158
945 324
583 564
267 231
984 851
144 976
291 515
35 264
602 440
384 590
814 221
133 754
298 12
178 973
524 453
85 196
213 511
195 668
969 881
822 230
751 883
945 511
258 251
791 370
650 610
762 664
962 594
70 570
901 295
927 82
895 302
454 479
221 565
628 491
261 221
292 13
81 792
195 969
155 612
464 570
782 318
547 71
949 18
453 29
698 217
770 314
535 644
256 854
477 732
663 55
61 29
154 90
415 848
88 101
781 108
911 641
769 114
879 395
865 968
20 956
241 973
311 151
136 880
945 206
545 577
68 960
200 745
217 432
806 359
972 686
593 362
521 21
388 975
770 658
961 462
562 260
357 851
657 24
220 461
716 933
683 434
61 443
905 263
634 591
229 804
709 35
657 870
144 911
716 877
199 987
79 137
572 649
721 148
560 700
536 354
207 43
545 105
946 819
122 36
395 718
779 335
16 78
289 111
934 336
165 611
994 80
25 432
427 516
597 608
727 657
927 435
982 823
859 537
916 125
41 272
645 495
665 878
747 678
615 124
85 977
653 415
747 659
344 511
756 198
218 472
751 758
972 820
88 119
495 194
401 584
600 911
945 513
503 820
803 479
736 944
690 90
37 890
920 676
777 326
282 812
262 709
873 391
983 692
888 953
621 364
270 671
845 419
44 402
937 994
256 622
371 315
354 321
651 477
906 943
819 848
464 625
988 52
620 497
730 228
549 608
470 870
50 42
241 312
442 537
242 394
960 609
268 117
135 526
835 108
982 438
569 344
716 780
860 425
114 767
522 469
460 420
6 407
45 232
436 858
945 986
410 976
910 713
640 546
970 489
328 633
493 97
223 701
136 321
905 853
49 992
982 138
840 394
786 826
115 560
914 669
677 367
789 581
21 496
478 740
53 201
530 874
787 580
683 304
397 748
749 855
770 947
441 101
28 416
450 146
728 452
637 14
413 940
910 410
261 986
307 195
597 689
642 162
328 529
737 224
723 715
869 585
238 502
447 349
921 550
233 65
621 24
54 748
806 417
971 41
455 344
149 195
371 975
584 776
390 55
364 427
413 313
125 196
549 279
539 754
458 969
203 272
918 52
956 383
740 60
68 122
307 548
613 728
513 516
489 713
818 465
519 773
386 460
704 383
136 17
135 203
525 383
727 88
393 408
876 334
549 62
788 858
643 57
58 635
366 48
366 502
149 91
703 516
852 948
173 346
605 700
657 834
927 539
508 340
606 383
782 768
661 427
292 629
645 289
296 827
668 812
813 266
877 161
542 813
335 561
907 400
695 484
639 509
875 548
396 334
752 223
442 579
371 270
850 858
383 981
9 925
707 306
176 800
66 515
451 787
983 90
587 239
475 803
253 417
975 443
316 479
651 337
762 123
818 953
727 81
160 985
712 278
647 257
825 550
779 186
753 596
231 23
640 921
1000 488
668 609
445 952
779 501
102 908
322 494
213 562
397 448
843 423
517 479
303 946
262 420
703 484
706 264
728 240
410 739
268 806
693 692
451 769
400 187
917 874
238 864
991 313
954 187
300 310
672 954
694 994
17 198
529 412
860 843
292 456
938 718
560 957
690 523
283 208
759 828
545 744
943 833
360 573
695 1
970 512
772 575
772 116
663 743
261 323
464 523
818 758
379 987
218 835
74 326
2 641
847 577
166 707
261 79
65 838
190 688
726 838
506 903
747 591
512 131
126 199
255 607
517 677
583 580
408 274
524 571
355 13
300 301
570 211
709 76
438 406
269 912
586 722
734 523
855 124
918 940
723 480
299 111
192 163
998 26
156 89
451 686
110 554
201 462
572 158
849 458
199 504
383 313
579 52
169 352
250 31
214 580
305 408
918 961
544 103
661 11
937 197
695 487
920 832
405 402
813 373
778 959
447 523
728 819
965 74
30 832
640 948
697 402
870 658
221 852
510 546
610 299
847 767
442 137
248 938
427 26
514 700
705 817
765 611
324 281
911 622
328 516
972 131
768 266
421 873
675 97
651 779
781 984
764 114
709 198
512 987
18 538
829 972
353 540
544 580
965 509
785 324
215 31
401 850
403 289
422 552
386 137
25 818
300 762
154 598
764 937
657 628
855 692
823 181
73 542
58 170
815 944
617 89
85 595
81 776
288 96
273 327
989 649
95 622
259 289
611 724
335 385
45 166
272 345
139 33
380 731
751 529
770 792
149 213
720 664
781 852
791 114
784 138
988 373
998 730
449 281
855 362
984 316
784 425
952 805
455 231
442 767
792 718
316 623
351 877
634 324
245 912
643 567
618 599
358 76
189 731
70 911
821 589
127 202
360 18
899 568
371 744
755 402
918 226
719 696
133 805
902 957
834 594
597 707
673 848
907 969
214 655
169 745
193 67
720 341
332 766
297 773
923 130
392 368
856 821
46 648
273 38
377 209
233 730
823 80
54 472
755 774
813 823
294 331
3 695
830 361
596 33
744 703
690 26
981 62
13 689
378 101
485 911
895 920
604 622
571 830
604 432
223 757
99 955
63 641
227 52
870 420
32 730
455 842
624 543
732 848
736 9
329 757
113 715
384 941
37 941
828 936
961 488
173 391
520 858
48 911
451 304
736 605
829 273
721 488
43 644
49 839
988 25
582 321
233 707
843 480
755 783
877 263
294 732
248 150
32 653
41 414
765 848
569 599
605 405
309 921
25 979
627 316
904 353
246 817
834 427
781 368
621 987
51 504
650 702
571 676
736 298
662 733
757 742
77 105
711 150
282 153
717 389
529 104
544 15
825 927
222 855
21 861
210 208
478 42
784 954
857 660
252 96
179 896
680 123
897 491
220 966
470 328
813 886
261 585
614 105
541 263
873 417
251 495
669 707
30 417
772 656
863 172
850 326
795 132
933 632
135 874
545 10
371 412
322 133
361 275
595 874
949 472
353 953
456 505
38 516
41 315
739 812
128 516
298 170
944 286
360 42
344 484
569 314
454 482
169 708
618 432
145 47
501 338
446 184
636 787
217 641
527 539
843 966
843 414
129 87
114 120
243 612
444 872
621 828
451 521
118 732
880 921
310 348
157 194
609 811
459 140
78 811
149 983
960 348
63 843
727 645
618 587
621 973
816 886
493 346
829 325
791 372
79 843
543 728
372 188
815 392
191 23
998 493
508 851
730 839
522 925
567 550
16 140
196 936
890 646
611 802
902 231
814 156
691 263
357 332
51 228
369 481
509 982
987 264
535 227
441 801
578 290
56 589
344 324
96 581
914 565
250 505
397 630
903 612
71 757
238 383
989 477
421 395
792 817
578 341
544 824
445 874
299 803
835 885
412 706
210 981
787 67
839 955
772 985
893 665
814 505
597 344
764 504
728 94
873 512
231 832
901 800
749 696
252 880
328 33
788 161
283 794
112 712
913 584
791 482
49 641
226 279
635 967
449 787
727 480
375 271
298 316
711 177
322 298
898 484
807 738
672 90
186 623
80 38
962 51
203 94
357 624
253 673
714 946
70 842
749 986
291 523
478 281
662 526
651 174
369 579
129 148
834 537
945 656
527 485
825 842
418 240
475 282
884 419
791 211
133 198
45 665
997 76
780 332
928 589
709 13
506 482
549 718
676 986
66 257
386 738
793 34
204 746
595 234
650 54
45 810
846 745
781 681
764 184
505 349
676 809
683 481
720 617
807 667
21 124
637 595
333 186
944 732
730 671
837 175
565 42
695 690
548 666
583 260
865 645
237 105
93 538
21 700
331 838
558 598
764 30
40 249
544 763
350 258
222 826
452 880
178 162
487 172
324 338
77 688
879 597
843 348
332 274
776 275
333 551
373 5
874 929
300 161
429 318
527 974
571 333
475 579
476 709
572 786
50 830
10 263
502 684
121 632
118 86
875 92
620 614
345 684
734 779
642 832
71 926
457 203
203 404
975 819
616 443
697 439
982 612
602 185
300 7
623 748
566 857
913 822
73 590
714 33
899 269
169 962
635 652
246 720
814 557
690 442
530 880
676 428
270 64
218 944
865 842
527 152
186 237
686 730
43 838
173 779
284 818
378 187
582 712
87 234
218 119
721 718
806 225
438 986
58 901
386 33
425 439
903 516
243 783
544 555
299 609
102 343
873 817
600 919
717 304
454 143
829 749
920 798
888 883
227 259
906 808
656 692
412 202
267 884
913 705
303 223
258 406
995 774
155 805
118 540
67 538
467 225
298 498
965 253
439 383
548 957
399 763
143 950
467 993
366 191
222 320
459 581
578 639
972 969
413 339
999 696
998 981
785 266
434 957
571 580
146 188
93 152
920 257
478 121
261 194
634 428
135 98
429 555
265 877
160 480
788 963
399 409
84 570
534 364
384 691
491 362
960 263
117 131
582 87
124 302
732 864
135 936
200 230
221 847
242 865
422 46
831 892
43 807
547 807
27 993
652 97
536 967
529 423
4 744
680 789
790 334
404 359
282 670
683 754
961 796
618 154
797 876
169 884
584 912
698 356
843 464
220 466
475 858
548 868
441 990
256 110
443 974
50 608
501 726
873 803
413 746
960 987
822 590
434 775
757 550
879 149
112 890
751 301
442 266
902 844
298 413
111 65
815 144
799 767
314 787
984 148
548 860
897 153
256 15
720 41
777 262
829 52
649 483
635 659
18 244
122 424
910 506
931 540
624 26
380 443
711 795
517 609
37 227
521 57
879 903
335 428
708 263
853 858
10 481
287 329
71 345
680 939
444 928
241 670
451 546
242 122
960 742
443 394
331 977
227 636
364 851
366 404
195 304
529 525
396 503
145 110
309 365
972 936
113 642
149 212
478 250
771 644
924 496
563 871
639 48
158 625
865 424
386 300
798 116
135 171
889 648
182 377
154 140
657 487
144 177
604 722
110 689
160 952
220 49
825 658
204 224
496 809
282 630
525 263
146 565
672 812
879 388
295 949
788 211
737 573
510 787
441 535
173 955
757 480
833 97
982 856
393 77
893 604
85 103
195 908
446 66
273 743
844 154
661 444
812 696
745 605
615 382
873 958
747 251
305 44
335 963
731 264
59 260
860 359
165 118
990 519
637 788
865 84
847 44
685 321
634 238
800 911
546 622
508 983
817 515
608 359
989 203
79 327
173 681
301 382
893 815
837 471
909 97
86 696
608 929
36 394
475 673
663 48
828 702
703 562
684 65
246 465
48 701
361 700
268 216
759 892
145 88
860 564
256 101
214 533
718 213
170 96
740 671
442 194
100 225
810 9
765 753
32 763
822 706
753 201
843 158
220 144
656 564
613 813
744 479
541 587
390 163
176 982
860 580
816 292
180 371
125 185
808 625
110 244
383 62
167 520
314 76
852 686
941 472
708 201
122 308
358 966
445 410
241 641
699 518
196 955
517 235
63 984
972 709
444 96
395 696
731 489
498 773
436 59
510 6
20 909
441 176
334 959
226 28
894 854
434 141
988 726
381 641
511 109
992 293
258 953
960 548
685 739
636 153
408 811
584 111
145 649
363 912
307 370
933 863
717 429
61 319
524 697
543 753
925 854
426 654
698 644
91 645
112 377
683 498
663 525
305 224
464 26
339 767
995 121
656 144
910 703
680 705
81 222
720 995
58 662
292 657
167 110
212 486
675 966
939 420
623 293
310 480
246 758
702 140
831 646
559 184
961 857
634 865
526 12
378 128
503 726
295 80
698 841
57 941
21 735
727 375
650 97
972 565
943 275
980 527
283 809
621 85
677 776
255 810
221 50
168 759
478 78
524 190
902 732
948 692
191 774
575 111
180 554
719 301
122 946
48 561
451 418
749 247
930 489
328 844
268 177
536 870
259 641
27 976
478 130
156 137
732 667
567 332
326 172
319 81
168 932
445 39
618 676
91 212
527 532
694 881
53 119
594 575
73 873
536 516
354 909
867 557
600 172
931 731
336 46
693 588
621 223
469 274
822 96
382 557
952 820
55 132
500 462
935 206
874 854
518 519
583 186
558 229
542 686
755 244
232 320
837 82
252 131
413 677
839 516
126 419
326 985
112 264
348 33
891 807
510 203
829 99
777 946
898 839
335 805
764 467
801 642
344 286
624 43
435 883
535 396
263 946
167 556
795 428
1000 212
466 871
893 972
56 72
513 326
720 853
829 519
237 318
227 747
442 806
208 434
560 807
476 542
83 552
745 237
130 947
643 239
875 11
180 117
770 552
309 348
717 367
221 181
386 801
884 288
740 109
522 952
339 878
349 14
637 400
694 33
624 408
242 942
435 857
204 162
704 757
891 990
100 787
965 876
32 142
416 269
133 900
469 936
823 9
240 150
17 601
759 5
663 672
379 957
210 867
13 789
167 626
15 977
254 332
63 320
590 863
28 171
765 673
79 564
541 738
652 684
355 308
232 874
176 215
734 376
801 434
393 482
911 701
110 783
201 209
807 490
862 286
421 988
79 677
358 976
606 562
463 826
527 739
604 812
747 202
768 954
571 693
785 702
40 171
772 984
496 349
994 52
25 76
779 896
814 972
856 728
214 680
506 465
587 981
895 148
192 460
865 670
628 494
594 641
595 223
81 488
725 591
356 38
279 724
625 577
58 987
476 616
388 684
556 860
905 356
191 659
243 12
857 11
163 389
626 23
989 17
183 389
691 844
703 105
37 883
462 302
341 890
251 38
508 936
342 211
19 172
949 424
800 596
719 612
591 959
478 665
745 851
728 660
657 978
669 465
344 669
788 758
492 219
572 208
590 243
439 844
611 810
578 210
902 223
363 172
636 802
584 264
86 327
363 763
901 934
492 218
36 450
311 550
439 472
993 929
868 523
8 324
616 654
136 430
998 711
454 595
675 237
325 902
144 414
492 871
695 701
866 170
943 679
889 354
256 608
740 689
102 141
536 202
676 447
142 898
36 415
615 855
384 348
739 655
645 484
115 361
261 325
355 694
891 472
427 625
32 56
214 367
267 353
127 465
695 404
54 260
203 673
884 681
4 54
996 632
568 591
101 641
686 713
777 647
907 684
376 746
984 383
365 925
705 930
970 485
436 76
698 283
935 719
314 247
256 206
100 622
49 1
252 819
567 981
801 132
258 766
261 257
312 630
792 331
884 260
750 905
173 22
1000 494
102 713
730 27
811 702
949 832
401 682
606 756
273 807
187 812
594 804
884 427
207 673
650 431
337 277
118 969
27 177
112 807
639 738
287 931
580 484
127 672
257 116
849 498
938 863
206 17
498 630
762 795
593 42
157 872
637 190
165 189
599 691
793 591
179 996
145 724
935 708
927 795
723 684
905 415
778 919
160 744
206 463
822 533
398 395
36 138
348 575
112 528
348 465
352 570
78 254
595 976
248 966
542 841
873 22
284 54
322 225
163 827
418 688
729 114
933 911
537 892
294 438
77 62
370 8
543 234
232 612
