20
0.00 0.48 1.32 0.65 1.40 0.68 1.02 0.31 0.66 1.21 1.43 1.35 0.53 1.38 0.92 0.93 1.25 1.04 1.04 0.82
0.48 0.00 1.11 0.71 1.61 0.95 1.19 0.87 0.92 1.73 1.08 1.28 0.61 1.22 1.04 1.11 1.46 1.01 1.25 0.83
1.32 1.11 0.00 1.71 1.25 0.75 1.38 1.50 0.81 0.73 0.73 0.71 1.05 0.75 1.62 0.72 0.92 0.65 1.21 1.30
0.65 0.71 1.71 0.00 0.85 1.06 0.74 0.40 0.91 1.07 1.41 1.21 0.76 0.74 0.37 1.49 1.16 1.10 0.89 0.68
1.40 1.61 1.25 0.85 0.00 1.07 0.88 0.96 1.49 0.31 1.27 0.32 1.73 0.56 0.57 1.37 1.04 1.31 1.06 1.29
0.68 0.95 0.75 1.06 1.07 0.00 0.95 0.89 1.15 0.79 0.77 1.13 1.18 0.91 1.55 0.66 1.14 0.38 1.03 1.18
1.02 1.19 1.38 0.74 0.88 0.95 0.00 0.91 0.75 1.07 1.14 1.16 0.87 1.16 0.54 0.41 0.96 0.73 1.32 1.33
0.31 0.87 1.50 0.40 0.96 0.89 0.91 0.00 0.59 0.89 1.56 1.16 0.86 1.20 0.57 1.21 1.21 0.95 0.65 1.05
0.66 0.92 0.81 0.91 1.49 1.15 0.75 0.59 0.00 1.02 1.39 1.23 0.32 1.15 0.77 0.67 0.89 0.76 1.04 1.13
1.21 1.73 0.73 1.07 0.31 0.79 1.07 0.89 1.02 0.00 1.33 0.45 1.39 0.40 0.88 1.17 0.75 1.07 0.99 1.27
1.43 1.08 0.73 1.41 1.27 0.77 1.14 1.56 1.39 1.33 0.00 1.28 1.16 1.23 1.76 0.80 1.04 0.49 0.70 0.71
1.35 1.28 0.71 1.21 0.32 1.13 1.16 1.16 1.23 0.45 1.28 0.00 1.63 0.67 0.79 1.26 1.42 1.24 1.46 1.51
0.53 0.61 1.05 0.76 1.73 1.18 0.87 0.86 0.32 1.39 1.16 1.63 0.00 1.15 0.89 0.81 0.74 1.04 1.08 0.50
1.38 1.22 0.75 0.74 0.56 0.91 1.16 1.20 1.15 0.40 1.23 0.67 1.15 0.00 0.83 1.45 0.69 1.15 1.14 0.98
0.92 1.04 1.62 0.37 0.57 1.55 0.54 0.57 0.77 0.88 1.76 0.79 0.89 0.83 0.00 1.28 1.02 1.50 1.22 1.13
0.93 1.11 0.72 1.49 1.37 0.66 0.41 1.21 0.67 1.17 0.80 1.26 0.81 1.45 1.28 0.00 0.87 0.50 1.30 1.43
1.25 1.46 0.92 1.16 1.04 1.14 0.96 1.21 0.89 0.75 1.04 1.42 0.74 0.69 1.02 0.87 0.00 1.22 0.68 0.80
1.04 1.01 0.65 1.10 1.31 0.38 0.73 0.95 0.76 1.07 0.49 1.24 1.04 1.15 1.50 0.50 1.22 0.00 0.83 1.27
1.04 1.25 1.21 0.89 1.06 1.03 1.32 0.65 1.04 0.99 0.70 1.46 1.08 1.14 1.22 1.30 0.68 0.83 0.00 0.66
0.82 0.83 1.30 0.68 1.29 1.18 1.33 1.05 1.13 1.27 0.71 1.51 0.50 0.98 1.13 1.43 0.80 1.27 0.66 0.00
