818 1059
441 189
416 288
582 40
271 345
57 50
386 575
398 309
508 383
179 590
149 733
6 185
220 788
152 620
695 172
347 393
91 35
675 494
48 753
229 713
592 202
652 349
12 576
233 546
785 509
228 548
291 511
174 154
444 327
297 786
450 805
15 720
673 592
264 783
219 445
575 92
432 305
360 685
103 161
522 496
6 801
172 57
579 674
508 488
566 338
437 299
38 662
499 672
463 472
431 622
663 621
767 682
654 470
566 372
459 337
665 734
804 72
616 289
315 697
813 218
488 243
149 752
677 723
23 796
697 672
34 630
241 153
656 79
404 258
682 224
188 647
394 470
175 588
282 280
291 524
635 91
12 674
146 460
190 488
43 224
734 266
537 812
163 592
177 785
431 471
639 743
775 320
570 116
151 220
267 617
607 272
298 172
649 25
552 777
758 132
247 437
193 683
524 553
219 131
687 410
785 818
435 422
685 122
165 173
410 777
96 721
28 98
607 566
610 374
570 43
607 226
695 108
349 345
457 582
309 405
735 92
22 595
124 607
300 500
557 589
688 127
544 567
120 28
166 639
640 242
617 157
324 23
713 523
640 452
206 23
597 764
784 807
543 471
138 479
217 29
806 562
187 84
273 519
350 276
298 294
644 557
105 6
511 248
18 476
539 510
132 56
760 694
78 759
607 96
704 546
369 626
437 121
317 327
145 262
76 763
778 108
297 8
457 163
166 803
58 319
358 244
532 423
195 669
37 385
272 717
595 798
367 273
520 153
561 613
619 766
786 324
231 50
151 428
804 67
347 660
710 47
431 462
590 733
86 611
791 478
333 343
634 545
411 120
586 227
716 615
478 151
64 349
669 416
191 172
64 785
511 535
732 132
725 550
376 459
273 590
384 188
815 780
297 52
550 614
533 13
508 490
393 252
361 298
703 642
626 259
738 805
232 357
322 164
154 722
37 510
115 472
379 730
583 378
235 47
219 504
110 279
361 342
352 146
53 268
452 44
605 98
216 372
473 532
93 323
798 787
404 207
748 328
399 305
731 224
99 751
656 464
532 572
256 186
752 733
162 597
595 621
82 644
420 699
197 750
656 262
597 485
263 380
672 157
405 632
592 74
187 769
198 358
164 773
681 259
276 781
209 756
609 690
285 574
539 586
277 703
382 741
689 183
533 358
275 74
467 789
449 531
249 425
110 587
668 293
730 571
774 61
215 177
395 188
768 568
624 418
116 509
804 410
470 290
516 150
448 286
16 664
782 201
364 202
818 790
565 219
377 172
149 247
485 605
521 234
581 454
198 738
512 293
534 381
3 272
585 5
388 639
203 153
48 71
683 614
647 493
817 390
182 221
745 756
214 310
242 806
259 813
688 694
341 386
307 603
402 145
684 792
496 641
720 635
251 370
500 655
303 28
404 535
346 550
156 422
796 327
642 639
252 74
805 359
562 699
428 307
321 51
694 326
481 362
160 670
149 147
705 129
384 481
234 392
353 760
196 260
102 328
661 505
465 650
282 448
556 377
490 111
602 488
313 704
133 591
232 413
45 777
358 356
311 283
477 580
734 167
114 106
512 465
799 486
762 308
374 356
567 49
323 544
277 385
428 500
439 782
438 686
387 328
743 133
302 256
403 182
359 188
746 317
733 603
276 817
218 338
28 135
725 441
121 555
12 65
328 359
543 516
467 516
61 662
706 173
343 623
514 504
521 110
754 437
318 694
288 119
356 608
135 6
766 65
29 210
468 630
716 192
193 506
732 426
9 360
544 532
58 348
592 439
24 25
24 794
7 357
218 761
655 547
625 186
376 249
263 37
182 245
44 808
207 364
175 123
373 463
672 469
559 2
643 15
307 656
48 318
474 566
745 246
67 286
53 510
429 71
4 729
110 416
25 175
69 705
160 642
535 724
389 579
797 146
115 207
340 597
760 405
703 46
766 316
785 483
357 341
173 264
202 496
727 492
672 551
318 18
249 310
762 18
2 733
93 509
732 336
417 477
185 19
395 732
745 92
587 327
780 581
193 651
724 710
153 782
723 355
118 253
157 57
142 675
661 625
529 336
277 615
618 807
270 285
628 637
582 285
421 198
98 59
662 482
329 412
729 763
487 16
411 414
805 251
668 698
159 702
707 625
655 144
129 639
564 460
664 381
137 641
451 182
98 639
355 631
444 163
572 527
273 771
693 138
516 699
361 370
46 543
588 790
8 657
280 626
216 702
351 509
594 354
5 486
410 800
550 33
482 10
173 326
813 348
424 242
135 540
357 668
644 52
233 812
104 676
673 309
178 438
413 664
160 527
134 744
448 365
475 754
719 245
552 565
339 571
207 1
508 655
701 482
777 799
247 556
347 670
349 516
632 533
807 662
58 628
256 129
418 605
317 775
88 477
75 415
171 396
547 764
340 481
783 234
336 508
523 32
400 539
769 147
240 661
531 557
375 780
464 435
97 395
510 737
337 275
400 783
543 231
475 110
197 510
510 137
195 244
507 392
730 37
73 729
199 817
211 459
126 301
562 128
757 775
424 450
655 414
184 176
236 691
4 432
66 512
142 688
256 618
514 357
140 41
392 793
114 736
406 794
177 457
792 807
642 299
742 380
553 744
545 14
61 245
373 712
297 42
8 670
318 801
561 35
593 598
270 653
81 236
109 371
796 237
163 551
188 616
642 101
356 480
116 589
547 207
454 105
278 322
589 632
730 314
356 313
62 39
135 141
44 614
145 578
685 608
443 766
468 18
93 666
372 699
642 12
199 142
724 52
176 202
494 446
677 689
545 391
147 110
255 524
160 390
564 412
364 529
158 421
545 7
185 386
454 167
268 311
29 591
522 3
519 514
184 233
202 712
57 49
370 382
297 392
113 299
57 790
311 802
602 379
258 320
711 293
232 381
660 326
251 126
456 252
317 4
761 28
444 8
428 719
625 51
318 335
725 149
497 554
45 153
787 123
574 381
207 380
119 677
319 248
157 192
298 567
81 272
103 381
386 379
344 426
120 677
714 15
301 108
653 279
575 329
487 780
176 650
468 536
672 614
494 538
647 176
670 496
165 672
547 253
453 662
229 385
609 704
404 708
748 777
364 342
664 116
719 364
793 164
751 288
33 27
447 528
278 697
487 360
223 425
396 636
682 349
672 508
15 12
648 67
766 626
245 384
289 205
59 556
204 472
579 776
628 189
242 284
339 45
653 82
515 442
717 363
204 438
440 62
746 683
462 190
177 156
400 4
181 726
480 494
663 29
128 274
664 783
809 343
306 451
725 393
217 672
485 437
386 313
699 5
192 606
734 345
220 377
584 27
330 639
351 811
807 526
276 204
101 762
777 609
700 491
620 813
237 266
613 75
231 376
247 290
580 730
129 499
268 798
311 716
292 514
482 389
598 480
8 207
431 529
280 83
328 288
318 192
233 322
250 608
225 475
484 593
387 642
599 257
279 196
657 250
142 394
178 146
25 354
575 264
72 680
68 148
747 684
54 769
803 805
258 327
341 698
50 89
230 436
535 92
680 203
235 521
220 761
326 181
678 350
170 135
264 72
271 488
497 567
598 92
96 118
227 802
258 60
149 128
732 720
330 748
279 804
111 170
696 353
753 813
758 385
617 614
172 515
706 11
669 369
770 189
796 300
207 600
388 390
711 730
190 371
618 633
36 45
357 736
498 818
188 76
534 639
648 619
677 233
305 588
38 349
505 447
128 473
257 48
361 374
817 372
405 547
807 37
422 632
335 626
622 270
239 260
300 791
738 241
595 360
657 2
376 659
24 616
152 18
27 327
553 738
56 85
145 94
64 754
80 444
467 184
153 763
507 772
439 303
514 312
453 252
624 428
492 73
457 249
39 457
648 25
772 778
759 350
757 439
132 617
555 553
247 552
730 668
624 1
348 817
165 314
255 770
135 177
231 604
586 573
277 274
79 465
128 725
100 166
228 371
263 812
481 145
88 815
597 707
257 530
523 181
424 273
170 224
262 362
260 633
40 623
786 234
73 365
134 777
625 201
58 759
496 387
770 62
718 408
90 265
333 621
37 345
490 673
117 81
187 520
80 19
408 384
390 69
681 10
264 166
324 457
18 802
81 189
248 752
350 694
691 57
455 347
393 102
340 174
521 588
264 452
803 559
811 522
251 33
641 172
643 653
13 110
396 537
683 252
602 83
476 707
149 670
89 160
589 264
781 787
700 269
517 321
455 488
219 157
178 99
472 658
448 783
197 257
534 334
786 380
50 41
554 407
79 783
550 78
616 697
667 352
546 637
232 24
77 130
226 649
1 533
271 384
340 799
142 818
472 485
404 638
187 358
732 712
807 4
325 438
57 430
487 767
431 649
380 518
64 721
800 501
379 174
723 16
18 312
286 393
308 544
534 456
744 285
737 319
565 733
310 675
666 21
678 232
128 340
156 221
137 509
75 284
79 458
152 613
623 61
524 510
455 299
496 89
242 104
574 792
257 543
195 239
353 414
15 739
604 535
209 267
725 388
716 674
532 201
691 268
451 314
818 436
91 182
759 612
91 346
562 238
816 517
322 306
155 524
790 26
135 179
594 317
487 485
440 246
372 335
301 340
634 60
774 83
555 170
284 798
580 622
793 492
386 704
679 69
384 37
649 434
267 532
382 665
532 817
23 39
494 523
659 562
138 574
152 39
493 526
338 600
296 683
614 287
531 18
10 505
561 737
325 441
792 725
541 814
342 508
523 524
583 439
761 247
30 91
686 668
119 371
104 161
322 104
407 785
452 302
222 445
13 559
638 451
423 766
739 412
624 30
693 786
687 380
