927 1744
328 87
440 625
885 98
351 413
611 27
766 885
380 311
308 577
918 51
187 39
162 846
472 789
682 232
843 576
808 574
915 258
684 756
371 32
181 131
230 272
850 268
631 520
762 329
912 96
515 710
148 466
547 268
26 767
874 33
363 402
761 455
419 366
790 318
666 911
189 54
831 605
795 404
85 406
529 381
748 775
273 756
382 363
123 739
625 744
426 336
390 801
298 352
332 311
666 450
870 165
431 534
879 802
592 131
478 104
759 674
313 727
61 508
917 291
760 376
795 68
49 666
343 792
700 479
21 821
116 568
523 723
417 434
606 618
280 513
32 193
178 832
705 46
298 396
821 133
644 386
611 132
777 620
851 914
672 256
219 310
94 678
354 92
452 593
234 729
155 2
800 221
694 184
841 122
895 395
100 292
636 131
631 359
231 819
20 229
603 52
408 57
512 842
536 309
465 819
501 602
734 241
297 753
524 445
845 119
924 586
815 350
532 7
344 925
63 407
681 175
846 25
464 316
174 812
156 847
486 706
65 294
458 797
797 348
427 465
784 132
469 924
312 314
353 691
446 734
802 421
568 32
332 20
831 615
656 822
363 253
58 203
525 64
136 848
497 445
901 860
388 894
635 96
304 459
378 251
751 899
496 535
50 178
110 439
554 348
423 494
815 818
785 107
74 498
721 899
151 90
635 813
602 499
217 23
27 274
676 378
759 365
729 464
197 613
112 41
31 848
119 564
214 855
426 735
261 361
322 306
507 882
43 33
644 138
541 286
229 903
486 608
808 830
418 527
326 7
156 21
488 915
440 598
850 682
814 828
249 542
495 618
633 538
272 690
286 92
636 522
755 719
866 588
183 217
158 237
622 572
171 425
916 473
846 421
528 279
270 346
254 701
644 693
740 798
64 471
176 689
193 757
535 843
808 699
883 395
186 217
923 193
302 912
606 72
330 207
591 550
851 342
620 617
661 847
665 593
110 801
701 686
761 328
519 278
45 405
710 371
215 592
39 251
424 224
780 763
834 641
210 26
691 751
114 724
393 667
29 82
588 633
95 140
457 496
433 397
238 278
59 250
396 324
529 68
815 736
582 404
380 193
589 488
723 286
407 25
633 679
597 393
465 312
122 420
822 193
897 843
365 512
702 76
578 38
473 642
804 369
71 434
436 480
568 532
273 69
185 478
478 14
5 849
830 289
530 410
655 380
395 10
144 752
275 391
637 865
896 388
593 17
156 305
823 317
919 323
484 216
238 283
774 626
723 563
304 675
927 400
214 272
594 700
189 153
567 531
533 687
339 741
394 405
679 822
280 682
75 297
111 678
494 461
561 726
467 246
527 457
806 751
822 195
689 585
659 836
842 498
650 884
783 273
516 457
409 646
505 813
110 719
45 491
99 53
400 398
588 572
246 471
54 719
100 227
282 458
374 636
638 281
148 44
846 191
376 55
80 383
887 822
728 112
128 464
901 353
741 609
595 618
501 775
880 234
113 775
498 251
152 826
460 584
851 818
201 131
629 195
313 858
481 517
225 712
747 376
695 423
186 725
748 409
200 489
399 84
792 674
6 347
190 132
504 576
453 196
717 728
480 659
236 414
807 877
562 509
448 746
436 465
556 296
77 854
850 13
329 621
511 908
790 68
816 601
212 562
908 55
508 563
380 376
524 428
268 595
820 32
876 530
424 166
504 148
839 404
379 894
511 371
204 455
730 10
371 27
745 234
174 716
273 13
203 754
458 630
312 597
95 895
423 489
4 301
213 480
270 748
732 765
108 762
169 695
888 472
824 832
860 499
646 521
497 243
66 328
585 854
288 231
324 490
187 15
318 221
820 586
657 152
641 819
125 717
735 276
49 434
121 496
268 577
219 783
59 499
425 585
730 295
586 480
490 413
352 470
109 408
361 821
566 271
342 528
515 766
661 489
259 60
243 163
790 407
480 558
894 28
396 804
807 202
316 876
362 331
273 540
443 461
529 716
493 447
220 281
16 665
598 386
551 436
60 836
5 272
210 879
216 634
327 787
735 56
462 290
407 696
517 843
60 682
420 255
684 681
294 528
380 93
571 249
371 642
571 419
720 177
756 90
207 504
374 524
656 227
324 462
128 113
2 416
917 260
243 182
428 873
15 187
552 419
94 494
524 57
925 288
713 240
200 466
828 90
357 356
507 441
514 297
597 644
182 330
664 170
8 451
172 718
17 651
186 232
626 650
788 58
647 186
444 663
527 577
146 211
722 8
375 530
257 759
761 345
620 484
511 213
416 313
197 785
74 781
490 378
917 573
846 891
381 78
231 43
482 549
165 247
297 78
144 508
807 528
467 235
86 725
56 477
538 410
258 287
3 919
355 724
47 348
802 397
534 572
339 735
86 514
418 671
436 34
398 665
898 478
773 888
137 688
356 662
160 361
362 32
313 215
94 848
847 748
456 864
911 501
184 153
736 661
128 379
403 742
106 882
610 889
593 621
387 753
723 308
794 92
321 104
907 830
96 222
886 295
118 232
692 740
824 298
312 457
367 821
51 411
898 579
185 353
890 83
675 504
206 210
668 137
690 154
764 885
36 437
791 717
296 901
51 38
658 2
93 725
350 22
364 809
689 327
708 626
325 658
324 686
659 78
787 568
494 26
122 307
695 901
245 439
583 601
323 511
366 782
171 921
447 391
139 327
88 755
142 261
754 549
152 431
229 602
868 359
266 209
164 622
733 640
826 290
379 390
144 470
592 757
281 905
449 63
342 377
455 1
593 875
393 586
921 361
655 834
469 278
713 853
312 485
870 791
85 752
891 805
306 404
181 888
130 295
459 689
851 637
582 767
345 71
572 207
666 843
186 785
758 166
41 590
835 17
345 842
794 224
907 86
606 304
110 437
190 461
627 122
602 497
233 831
862 504
222 684
544 442
66 818
546 95
90 534
315 830
729 470
570 399
224 719
380 399
112 186
43 857
135 247
181 763
366 695
648 224
884 449
766 671
585 401
664 800
776 601
728 882
323 909
90 509
240 418
661 488
173 40
581 187
717 502
549 503
520 557
638 764
562 271
568 644
201 304
347 740
83 586
547 664
217 733
281 844
450 480
529 888
608 196
94 89
728 744
69 389
198 614
824 81
592 712
611 222
919 9
903 339
447 792
156 731
676 258
859 98
169 320
207 184
339 423
236 560
396 473
56 281
367 813
64 297
688 412
532 154
718 16
900 403
775 748
604 322
311 449
792 502
277 12
315 457
334 471
524 758
376 276
730 142
306 195
196 689
113 128
706 608
35 733
587 408
881 813
866 890
575 252
156 350
787 484
295 691
344 116
873 212
408 743
868 168
447 709
418 512
190 570
95 121
243 778
178 887
748 482
244 74
336 492
82 256
502 311
140 270
324 136
397 185
860 311
310 784
231 220
603 479
270 386
697 150
895 867
406 834
502 108
138 714
659 667
803 542
847 423
775 476
185 734
883 38
153 517
227 660
643 619
35 553
877 466
680 359
810 64
477 399
69 266
396 110
397 376
71 428
293 620
921 838
856 301
876 746
808 5
522 574
245 378
712 609
530 101
844 248
718 443
39 597
624 594
126 621
667 155
394 406
793 913
35 447
328 435
312 130
919 492
247 498
714 756
214 564
161 732
272 639
754 888
350 34
29 172
275 874
362 690
48 632
416 473
532 865
475 371
385 545
50 8
396 28
145 292
757 143
316 798
248 369
764 554
304 387
716 338
419 828
421 501
904 913
595 695
249 214
653 213
431 826
244 524
327 629
843 228
846 69
232 564
794 119
553 31
737 157
497 366
378 660
680 577
805 177
240 200
477 661
786 584
893 462
331 544
780 412
909 409
433 107
868 854
318 830
559 740
228 258
549 67
712 761
606 705
464 616
283 645
210 52
2 185
147 653
612 290
392 666
363 708
895 39
770 178
627 922
101 915
483 552
419 704
51 86
661 135
274 852
561 710
249 644
531 615
459 538
237 704
757 559
460 46
841 151
271 651
40 744
206 259
501 551
160 374
512 146
309 865
36 420
857 565
141 799
553 218
865 916
186 504
403 626
297 155
725 640
604 96
398 70
519 656
689 538
407 614
471 350
776 875
887 584
858 671
434 317
630 892
741 855
133 413
345 753
20 721
312 906
210 67
157 584
603 568
639 275
364 371
459 439
299 78
575 804
505 249
175 426
627 259
477 302
649 888
598 309
916 88
101 792
762 511
434 348
735 885
441 604
425 734
314 270
427 283
308 512
661 494
694 496
841 28
113 760
294 407
668 333
696 435
570 539
258 146
340 545
24 384
388 189
38 673
661 503
437 770
820 595
412 704
252 775
476 435
601 799
253 309
471 354
46 244
230 186
310 298
312 765
825 525
736 176
671 151
380 548
554 784
655 631
921 102
817 21
785 236
713 543
770 751
551 438
899 913
371 703
407 158
196 680
550 234
570 668
617 324
11 184
42 107
101 49
783 449
215 596
793 495
481 509
852 228
840 377
789 27
888 101
413 844
865 541
462 924
106 369
144 393
146 421
838 713
61 726
795 103
377 545
396 234
567 269
865 820
888 584
379 754
803 116
844 639
629 810
546 462
490 546
53 89
538 161
190 66
76 400
130 175
200 912
789 877
478 123
479 454
872 536
244 691
781 472
492 83
754 442
722 595
90 876
323 675
279 523
786 574
89 346
183 175
636 211
918 785
207 544
109 830
3 763
248 512
32 724
722 144
915 236
783 110
731 658
422 745
840 704
638 663
641 913
208 495
652 311
618 22
673 158
644 8
927 268
362 46
75 888
242 917
97 459
302 363
485 650
549 80
74 48
150 851
59 317
93 246
558 266
262 199
616 706
302 478
178 421
269 175
560 154
541 451
547 571
217 375
92 613
228 690
913 418
427 748
531 713
101 366
726 292
431 861
201 754
661 455
458 227
132 734
668 485
519 676
391 764
329 231
27 309
283 175
504 234
251 448
185 360
866 110
834 496
433 870
568 785
311 861
111 160
349 875
28 558
222 454
558 668
253 906
696 915
539 260
647 746
264 294
466 926
286 807
838 197
459 126
228 687
819 421
235 535
235 417
627 22
844 560
663 236
153 867
837 908
282 57
376 777
828 585
279 771
375 149
314 889
786 696
126 553
914 740
685 167
380 38
316 142
636 713
256 261
829 387
406 779
483 753
727 775
908 163
868 742
677 644
783 813
437 379
720 105
645 369
756 607
768 613
608 169
235 301
342 374
639 596
561 124
305 68
803 197
17 150
916 517
169 152
395 785
214 183
734 135
349 565
888 260
633 506
579 31
304 768
910 800
432 175
487 907
366 759
458 636
292 651
42 546
723 639
227 771
863 364
301 596
33 619
848 517
405 155
481 90
762 723
157 927
565 355
70 707
718 149
6 684
188 839
207 37
746 745
549 330
462 326
83 216
247 35
605 871
180 232
827 749
919 242
209 165
818 300
378 858
901 217
192 234
222 385
171 868
478 608
222 613
354 770
740 597
108 738
364 884
121 391
16 416
329 612
898 696
756 523
28 654
692 872
198 145
773 222
777 27
669 466
890 628
904 146
253 155
758 867
864 96
184 669
95 114
242 466
161 453
17 440
717 200
528 401
680 663
616 457
14 835
811 301
775 884
119 389
4 901
127 16
772 400
189 567
334 79
470 927
880 812
400 593
293 4
296 248
354 489
119 636
745 181
690 37
530 113
145 21
646 781
528 364
178 87
805 10
258 264
39 838
652 870
636 296
211 280
913 921
788 851
98 196
556 243
170 789
172 3
305 461
839 573
753 302
6 530
776 717
410 768
288 77
622 56
332 881
704 804
247 141
665 68
461 292
523 297
448 871
341 425
259 841
808 7
311 513
5 55
657 648
772 164
686 91
337 632
674 921
767 739
788 100
3 920
280 307
746 426
396 103
842 51
109 165
837 252
503 429
693 210
896 706
783 762
1 85
536 377
799 741
606 241
844 689
406 481
134 26
851 907
447 618
376 564
488 601
842 356
770 457
572 861
611 673
461 826
706 554
87 143
164 121
370 811
58 41
888 248
639 483
442 142
904 866
430 498
433 318
895 218
271 860
274 550
748 424
93 253
600 516
105 106
585 797
555 393
349 748
596 317
651 503
819 525
343 812
283 174
418 564
354 340
348 821
868 218
819 372
841 807
698 623
455 238
63 814
304 258
802 375
37 213
495 467
449 304
836 800
182 214
107 629
862 362
43 397
208 17
833 117
432 132
352 625
624 630
39 373
647 634
286 695
352 132
199 86
522 627
657 644
804 370
131 836
575 714
851 85
617 473
409 526
214 646
415 350
799 466
389 912
564 34
861 171
77 850
799 373
695 606
132 264
244 194
63 654
447 506
205 862
918 252
183 150
918 656
472 65
239 175
441 348
649 346
51 925
124 765
269 196
53 226
663 910
323 730
472 810
515 773
887 683
539 926
404 293
248 309
265 839
805 656
58 570
575 197
226 75
141 776
613 296
262 467
445 284
584 759
381 703
593 180
902 921
836 472
496 230
883 689
596 537
614 136
16 921
604 626
700 881
534 877
654 219
644 917
777 121
284 658
915 487
540 373
198 268
98 144
815 696
107 151
529 893
629 347
864 742
849 728
278 263
280 162
524 619
176 782
432 408
489 300
491 903
920 445
739 278
368 463
562 404
321 626
442 374
615 547
253 809
204 658
852 230
52 324
609 597
341 866
503 823
159 378
108 758
628 700
494 757
639 449
848 606
460 652
62 424
564 640
363 91
62 571
447 710
923 689
545 777
680 752
181 604
628 112
576 22
297 64
779 651
466 386
809 618
458 408
593 628
397 747
15 140
662 642
819 600
77 905
631 486
43 716
465 427
400 585
560 247
177 844
774 645
522 319
120 595
176 810
323 224
199 152
475 813
252 424
680 766
291 146
151 358
341 281
233 93
44 345
652 662
229 110
432 443
771 487
58 444
170 885
338 275
341 774
888 242
191 260
725 337
105 748
108 130
218 846
612 787
408 187
923 748
311 172
332 247
445 123
630 842
782 671
26 482
430 750
111 624
619 453
35 20
399 913
820 352
202 155
168 348
328 855
478 375
501 451
229 596
267 481
343 815
289 92
34 549
192 187
809 873
314 63
320 170
764 224
845 790
497 51
917 688
603 364
432 674
414 157
512 919
331 584
421 785
712 307
166 666
87 689
635 711
201 924
344 353
215 123
364 233
458 796
920 9
426 318
193 826
785 11
14 824
418 897
900 748
854 860
106 412
507 406
831 612
602 258
911 235
878 687
921 277
687 911
211 552
901 823
880 726
183 700
239 126
432 922
205 320
639 681
698 662
534 421
228 451
602 208
656 339
417 670
532 251
898 71
244 534
560 191
905 15
724 213
708 15
446 546
476 884
313 436
499 439
834 677
507 673
609 567
407 797
728 388
46 667
512 747
808 49
359 313
130 201
141 782
715 31
75 707
424 575
423 484
372 7
493 800
72 272
309 530
866 903
481 547
584 878
375 860
898 352
332 740
495 168
167 447
525 842
434 298
474 174
925 723
428 166
475 414
499 236
442 205
241 893
208 215
311 460
624 494
163 250
76 342
846 349
264 856
814 831
545 876
254 375
310 238
154 522
590 540
651 424
905 904
251 38
507 144
435 354
590 64
294 397
24 748
557 265
134 559
927 651
329 609
109 536
211 239
280 901
411 71
601 320
855 213
344 98
550 246
454 364
490 16
271 766
111 426
79 683
464 277
731 130
493 918
424 248
336 581
578 476
525 345
584 629
222 472
18 720
617 869
708 436
800 482
468 336
331 744
612 20
760 923
88 569
857 608
235 207
829 47
412 721
459 508
760 196
812 517
364 567
516 350
419 654
246 455
777 800
830 268
857 760
441 827
744 205
881 453
472 729
