30
29
0 3719 3600 6459 7159 5227 3424 1011 7461 5185 3837 2441 6470 6037 2750 7977 2619 2087 6972 5576 1232 7848 1435 6489 1115 6627 5496 4462 2945 5998
3719 0 1733 9950 3704 1772 2035 3274 10952 8676 7328 5932 9961 2582 1577 4522 6110 2528 10463 2121 3191 11339 4926 3034 4606 3172 2041 1007 6436 9489
3600 1733 0 9831 5173 3241 1916 3155 10833 8557 7209 5813 9842 4051 1458 5991 5991 2409 10344 3590 3072 11220 4807 4503 4487 4641 3510 2476 6317 9370
6459 9950 9831 0 13390 11458 9655 7242 1356 2462 2792 5394 1507 12268 8981 14208 4952 8318 867 11807 7463 1743 5464 12720 5694 12858 11727 10693 3658 1669
7159 3704 5173 13390 0 2646 5475 6714 14392 12116 10768 9372 13401 1452 5017 960 9550 5968 13903 1721 6631 14779 8366 2308 8046 1482 3477 3453 9876 12929
5227 1772 3241 11458 2646 0 3543 4782 12460 10184 8836 7440 11469 1524 3085 3464 7618 4036 11971 1063 4699 12847 6434 1976 6114 2114 1545 1521 7944 10997
3424 2035 1916 9655 5475 3543 0 2979 10657 8381 7033 5637 9666 4353 1282 6293 5815 2233 10168 3892 2896 11044 4631 4805 4311 4943 3812 2778 6141 9194
1011 3274 3155 7242 6714 4782 2979 0 8244 5968 4620 3224 7253 5592 2305 7532 3402 1642 7755 5131 787 8631 2218 6044 1898 6182 5051 4017 3728 6781
7461 10952 10833 1356 14392 12460 10657 8244 0 3464 3794 6396 2509 13270 9983 15210 5954 9320 1191 12809 8465 1281 6466 13722 6696 13860 12729 11695 4660 2671
5185 8676 8557 2462 12116 10184 8381 5968 3464 0 1518 4120 2473 10994 7707 12934 3678 7044 2975 10533 6189 3851 4190 11446 4420 11584 10453 9419 2384 2001
3837 7328 7209 2792 10768 8836 7033 4620 3794 1518 0 2772 2803 9646 6359 11586 2330 5696 3305 9185 4841 4181 2842 10098 3072 10236 9105 8071 1036 2331
2441 5932 5813 5394 9372 7440 5637 3224 6396 4120 2772 0 5405 8250 4963 10190 1554 4300 5907 7789 3445 6783 1446 8702 1676 8840 7709 6675 1880 4933
6470 9961 9842 1507 13401 11469 9666 7253 2509 2473 2803 5405 0 12279 8992 14219 4963 8329 2020 11818 7474 2896 5475 12731 5705 12869 11738 10704 3669 1680
6037 2582 4051 12268 1452 1524 4353 5592 13270 10994 9646 8250 12279 0 3895 2270 8428 4846 12781 599 5509 13657 7244 1186 6924 920 2355 2331 8754 11807
2750 1577 1458 8981 5017 3085 1282 2305 9983 7707 6359 4963 8992 3895 0 5835 5141 1559 9494 3434 2222 10370 3957 4347 3637 4485 3354 2320 5467 8520
7977 4522 5991 14208 960 3464 6293 7532 15210 12934 11586 10190 14219 2270 5835 0 10368 6786 14721 2539 7449 15597 9184 3126 8864 2300 4295 4271 10694 13747
2619 6110 5991 4952 9550 7618 5815 3402 5954 3678 2330 1554 4963 8428 5141 10368 0 4478 5465 7967 3623 6341 1624 8880 1854 9018 7887 6853 1438 4491
2087 2528 2409 8318 5968 4036 2233 1642 9320 7044 5696 4300 8329 4846 1559 6786 4478 0 8831 4385 1559 9707 3294 5298 2974 5436 4305 3271 4804 7857
6972 10463 10344 867 13903 11971 10168 7755 1191 2975 3305 5907 2020 12781 9494 14721 5465 8831 0 12320 7976 1578 5977 13233 6207 13371 12240 11206 4171 2182
5576 2121 3590 11807 1721 1063 3892 5131 12809 10533 9185 7789 11818 599 3434 2539 7967 4385 12320 0 5048 13196 6783 1051 6463 1189 1894 1870 8293 11346
1232 3191 3072 7463 6631 4699 2896 787 8465 6189 4841 3445 7474 5509 2222 7449 3623 1559 7976 5048 0 8852 2439 5961 2119 6099 4968 3934 3949 7002
7848 11339 11220 1743 14779 12847 11044 8631 1281 3851 4181 6783 2896 13657 10370 15597 6341 9707 1578 13196 8852 0 6853 14109 7083 14247 13116 12082 5047 3058
1435 4926 4807 5464 8366 6434 4631 2218 6466 4190 2842 1446 5475 7244 3957 9184 1624 3294 5977 6783 2439 6853 0 7696 670 7834 6703 5669 1950 5003
6489 3034 4503 12720 2308 1976 4805 6044 13722 11446 10098 8702 12731 1186 4347 3126 8880 5298 13233 1051 5961 14109 7696 0 7376 1776 2807 2783 9206 12259
1115 4606 4487 5694 8046 6114 4311 1898 6696 4420 3072 1676 5705 6924 3637 8864 1854 2974 6207 6463 2119 7083 670 7376 0 7514 6383 5349 2180 5233
6627 3172 4641 12858 1482 2114 4943 6182 13860 11584 10236 8840 12869 920 4485 2300 9018 5436 13371 1189 6099 14247 7834 1776 7514 0 2945 2921 9344 12397
5496 2041 3510 11727 3477 1545 3812 5051 12729 10453 9105 7709 11738 2355 3354 4295 7887 4305 12240 1894 4968 13116 6703 2807 6383 2945 0 1790 8213 11266
4462 1007 2476 10693 3453 1521 2778 4017 11695 9419 8071 6675 10704 2331 2320 4271 6853 3271 11206 1870 3934 12082 5669 2783 5349 2921 1790 0 7179 10232
2945 6436 6317 3658 9876 7944 6141 3728 4660 2384 1036 1880 3669 8754 5467 10694 1438 4804 4171 8293 3949 5047 1950 9206 2180 9344 8213 7179 0 3197
5998 9489 9370 1669 12929 10997 9194 6781 2671 2001 2331 4933 1680 11807 8520 13747 4491 7857 2182 11346 7002 3058 5003 12259 5233 12397 11266 10232 3197 0
