digraph emailnet {
	node [shape=plaintext]
	node [color=red shape=circle style=filled]
	edge [color=red]
	38 [color=red fontsize=20 height=2 shape=doublecircle width=2]
	46 [color=palegoldenrod fontsize=20 height=1.5 shape=circle width=1.5]
	38 -> 46 [label="" arrowsize=2 penwidth=3]
	46 [color=palegoldenrod fontsize=20 height=1.5 shape=circle width=1.5]
	97 [color=red fontsize=20 height=2 shape=doublecircle width=2]
	46 -> 97 [label="" arrowsize=2 penwidth=3]
	38 [color=red fontsize=20 height=2 shape=doublecircle width=2]
	32 [color=palegoldenrod fontsize=20 height=1.5 shape=circle width=1.5]
	38 -> 32 [label="" arrowsize=2 penwidth=3]
	32 [color=palegoldenrod fontsize=20 height=1.5 shape=circle width=1.5]
	97 [color=red fontsize=20 height=2 shape=doublecircle width=2]
	32 -> 97 [label="" arrowsize=2 penwidth=3]
	38 [color=red fontsize=20 height=2 shape=doublecircle width=2]
	45 [color=palegoldenrod fontsize=20 height=1.5 shape=circle width=1.5]
	38 -> 45 [label="" arrowsize=2 penwidth=3]
	45 [color=palegoldenrod fontsize=20 height=1.5 shape=circle width=1.5]
	97 [color=red fontsize=20 height=2 shape=doublecircle width=2]
	45 -> 97 [label="" arrowsize=2 penwidth=3]
	38 [color=red fontsize=20 height=2 shape=doublecircle width=2]
	37 [color=palegoldenrod fontsize=20 height=1.5 shape=circle width=1.5]
	38 -> 37 [label="" arrowsize=2 penwidth=3]
	37 [color=palegoldenrod fontsize=20 height=1.5 shape=circle width=1.5]
	97 [color=red fontsize=20 height=2 shape=doublecircle width=2]
	37 -> 97 [label="" arrowsize=2 penwidth=3]
	38 [color=red fontsize=20 height=2 shape=doublecircle width=2]
	14 [color=palegoldenrod fontsize=20 height=1.5 shape=circle width=1.5]
	38 -> 14 [label="" arrowsize=2 penwidth=3]
	14 [color=palegoldenrod fontsize=20 height=1.5 shape=circle width=1.5]
	97 [color=red fontsize=20 height=2 shape=doublecircle width=2]
	14 -> 97 [label="" arrowsize=2 penwidth=3]
	node [color=lightblue2 shape=circle style=filled]
	edge [color=gray]
	3
	15
	79
	26
	83
	64
	80
	27
	83
	23
	29
	113
	2
	83
	66
	96
	35
	50
	34
	73
	70
	50
	77
	90
	81
	16
	106
	77
	3
	81
	41
	81 -> 41 [label="" style=dashed]
	84
	70
	54
	120
	88
	96
	108
	111
	149
	94
	9
	79
	112
	10
	98
	101
	99
	101 -> 99 [label="" style=dashed]
	62
	64
	23
	3
	72
	3 -> 72 [label="" style=dashed]
	27
	13
	26
	3
	57
	36
	21
	94
	90
	62
	62 -> 45 [label="" style=dashed]
	80
	90
	117
	90
	117 -> 90 [label="" style=dashed]
	35
	91
	33
	98
	1
	18
	87
	31
	82
	109
	82 -> 109 [label="" style=dashed]
	77
	112
	60
	53
	13
	53 -> 13 [label="" style=dashed]
	2
	19
	85
	73
	10
	106
	83
	26
	83 -> 26 [label="" style=dashed]
	24
	1
	58
	71
	29
	115
	26
	17
	104
	24
	77
	13
	8
	96
	83
	128
	48
	18
	69
	90
	13
	115
	47
	89
	72
	66
	29
	1
	76
	91
	60
	24
	7
	23
	47
	67
	81
	57
	23
	58
	26
	42
	121
	6
	121 -> 6 [label="" style=dashed]
	113
	151
	87
	115
	26
	30
	136
	62
	22
	98
	94
	96
	40
	54
	27
	50
	105
	103
	114
	103 -> 114 [label="" style=dashed]
	50
	3
	3
	18
	2
	18
	35
	48
	3
	60
	72
	90
	90
	3
	90
	50
	61
	93
	56
	39
	100
	29
	56
	58
	56
	1
	65
	86
	65 -> 86 [label="" style=dashed]
	89
	21
	93
	33
	64
	18
	47
	121
	57
	107
	30
	23
	30 -> 23 [label="" style=dashed]
	58
	31
	1
	78
	1 -> 78 [label="" style=dashed]
	43
	27
	43 -> 27 [label="" style=dashed]
	77
	26
	77 -> 26 [label="" style=dashed]
	151
	42
	21
	80
	17
	54
	9
	88
	22
	56
	86
	41
	80
	84
	80 -> 84 [label="" style=dashed]
	72
	59
	65
	7
	79
	111
	112
	111 -> 112 [label="" style=dashed]
	7
	35
	109
	91
	22
	138
	90
	44
	67
	34
	39
	70
	76
	70
	19
	22
	57
	112
	44
	24
	49
	49 -> 46 [label="" style=dashed]
	53
	71
	69
	44
	69
	62
	15
	40
	15 -> 40 [label="" style=dashed]
	58
	90
	131
	98
	47
	43
	6
	87
	76
	79
	120
	39
	82
	29
	43
	63
	47
	108
	63
	125
	15
	23
	15 -> 23 [label="" style=dashed]
	39
	74
	54
	1
	49
	21
	49 -> 21 [label="" style=dashed]
	3
	117
	27
	77
	75
	75 -> 45 [label="" style=dashed]
	44
	91
	69
	4
	31
	36
	111
	99
	111 -> 99 [label="" style=dashed]
	62
	71
	10
	29
	113
	61
	116
	86
	4
	31
	70
	24
	105
	24 -> 105 [label="" style=dashed]
	13
	61
	88
	82
	75
	95
	83
	100
	15
	113
	58
	106
	5
	15
	110
	50
	79
	48
	79 -> 48 [label="" style=dashed]
	6
	20
	122
	59
	58
	18
	104
	18
	82
	15
	30
	57
	19
	98
	49
	1
	104
	113
	108
	106
	130
	40
	53
	74
	67
	74 -> 67 [label="" style=dashed]
	50
	66
	70
	94
	40
	43
	113
	9
	47
	34
	31
	39
	73
	90
	90 -> 37 [label="" style=dashed]
	63
	11
	65
	74
	70
	88
	21
	113
	80
	52
	53
	115
	66
	78
	2
	115
	88
	87
	43
	87 -> 43 [label="" style=dashed]
	23
	28
	67
	52
	86
	113
	96
	16
	13
	67
	8
	50
	35
	61
	5
	90
	80
	48
	67
	19
	48
	99
	57
	81
	40
	22
	64
	39
	35
	70
	82
	56
	23
	65
	64
	47
	87
	49
	17
	98
	117
	33
	35
	44
	63
	106
	29
	33
	64
	57
	31
	22
	73
	106
	9
	19
	44
	59
	35
	90
	94
	70
	74
	4
	87
	63
	38 -> 63 [label="" style=dashed]
	31
	112
	2
	33
	82
	86
	19
	94
	31
	58
	36
	53
	13
	4
	70
	10
	109
	68
	39
	1
	130
	95
	9
	95 -> 9 [label="" style=dashed]
	67
	2
	71
	26
	113
	128
	115
	27
	22
	85
	50
	48
	53
	52
	73
	98
	73 -> 98 [label="" style=dashed]
	5
	83
	82
	15
	82 -> 15 [label="" style=dashed]
	62
	64
	62 -> 64 [label="" style=dashed]
	129
	115
	72
	65
	115
	48
	70
	30
	60
	25
	7
	20
	95
	22
	15
	54
	15 -> 54 [label="" style=dashed]
	67
	44
	81
	50
	54
	73
	58
	73 -> 58 [label="" style=dashed]
	117
	73
	47
	76
	101
	35
	87
	7
	87 -> 7 [label="" style=dashed]
	15
	72
	43
	117
	74
	27
	113
	31
	98
	95
	43
	35
	84
	18
	103
	115
	92
	65
	63
	49
	86
	54
	7
	115
	33
	117
	33 -> 117 [label="" style=dashed]
	51
	1
	90
	7
	93
	75
	13
	23
	18
	36
	84
	10
	18
	4
	80
	3
	47
	21
	7
	90
	15
	10
	50
	67
	94
	98
	73
	6
	90
	5
	29
	57
	100
	1
	31
	54
	71
	112
	70
	112 -> 70 [label="" style=dashed]
	47
	120
	22
	70
	57
	100
	79
	123
	79 -> 123 [label="" style=dashed]
	67
	66
	67 -> 66 [label="" style=dashed]
	54
	81
	54
	35
	77
	27
	108
	35
	151
	43
	17
	53
	80
	85
	110
	18
	72
	15
	59
	66
	59 -> 66 [label="" style=dashed]
	20
	25
	20 -> 25 [label="" style=dashed]
	88
	57
	6
	31
	90
	62
	115
	104
	35
	88
	78
	79
	115
	79 -> 115 [label="" style=dashed]
	15
	16
	98
	117
	5
	50
	96
	72
	47
	39
	56
	49
	115
	100
	98
	96
	12
	67
	128
	3
	3
	39
	3 -> 39 [label="" style=dashed]
	75
	85
	57
	111
	49
	53
	70
	69
	47
	136
	47
	42
	25
	20
	15
	24
	119
	1
	74
	15
	115
	39
	115 -> 39 [label="" style=dashed]
	27
	74
	75
	19
	44
	90
	90
	62
	70
	62 -> 70 [label="" style=dashed]
	113
	66
	113 -> 66 [label="" style=dashed]
	9
	96
	18
	55
	83
	103
	15
	112
	5
	149
	1
	18
	107
	50
	49
	48
	70
	18
	85
	57
	18
	1
	105
	72
	7
	113
	109
	113 -> 109 [label="" style=dashed]
	42
	7
	42 -> 7 [label="" style=dashed]
	70
	95
	48
	69
	59
	113
	155
	136
	47
	35
	36
	10
	133
	26
	104
	11
	1
	111
	18
	59
	30
	113
	81
	3
	128
	88
	81
	112
	27
	70
	151
	140
	122
	3
	13
	115
	67
	89
	82
	115
	89
	27
	81
	20
	30
	80
	73
	66
	92
	9
	79
	98
	41
	3
	113
	95
	117
	66
	96
	33
	90
	83
	8
	47
	116
	90
	79
	81
	69
	81 -> 69 [label="" style=dashed]
	22
	65
	88
	94
	78
	6
	78 -> 6 [label="" style=dashed]
	39
	34
	149
	35
	93
	22
	56
	22
	88
	44
	76
	123
	117
	35
	20
	64
	27
	15
	23
	62
	47
	62 -> 47 [label="" style=dashed]
	4
	82
	9
	18
	29
	42
	94
	71
	81
	86
	6
	89
	62
	106
	73
	99
	51
	81
	15
	88
	42
	33
	119
	2
	53
	31
	71
	83
	24
	15
	68
	22
	113
	129
	115
	20
	115 -> 20 [label="" style=dashed]
	100
	66
	53
	51
	15
	96
	85
	55
	62
	54
	128
	35
	26
	84
	48
	72
	64
	79
	65
	70
	31
	60
	26
	7
	21
	9
	112
	81
	51
	26
	44
	70
	50
	2
	7
	27
	28
	26
	50
	98
	94
	56
	88
	48
	58
	103
	96
	30
	50
	107
	5
	90
	58
	63
	48
	58
	22
	95
	22 -> 95 [label="" style=dashed]
	69
	35
	30
	68
	13
	20
	18
	44
	89
	90
	9
	109
	58
	70
	111
	3
	48
	68
	34
	3
	14 -> 3 [label="" style=dashed]
	93
	54
	93 -> 54 [label="" style=dashed]
	44
	3
	84
	59
	103
	58
	54
	1
	30
	1 -> 30 [label="" style=dashed]
	65
	80
	148
	84
	148 -> 84 [label="" style=dashed]
	112
	71
	75
	53
	75
	98
	57
	101
	58
	33
	20
	2
	39
	117
	107
	18
	69
	74
	98
	104
	21
	82
	104
	1
	41
	93
	41 -> 93 [label="" style=dashed]
	6
	80
	86
	9
	59
	7
	47
	80
	104
	80 -> 104 [label="" style=dashed]
	88
	56
	88 -> 56 [label="" style=dashed]
	59
	2
	98
	57
	8
	113
	18
	71
	44
	65
	58
	7
	47
	151
	89
	76
	100
	10
	83
	117
	68
	1
	28
	34
	70
	74
	8
	77
	3
	57
	110
	18
	62
	69
	67
	95
	90
	109
	51
	23
	76
	85
	85
	7
	85 -> 7 [label="" style=dashed]
	25
	2
	60
	41
	69
	13
	51
	13
	86
	84
	6
	107
	47
	115
	61
	12
	55
	3
	12
	1
	15
	25
	123
	98
	115
	3
	115
	27
	75
	75
	47
	2
	29
	101
	6
	68
	115
	10
	27
	113
	67
	104
	26
	104 -> 26 [label="" style=dashed]
	1
	6
	84
	21
	112
	29
	7
	59
	15
	115
	53
	101
	53 -> 101 [label="" style=dashed]
	18
	84
	24
	66
	67
	79
	64
	68
	112
	119
	85
	115
	40
	51
	18
	9
	1
	3
	2
	44
	90
	43
	59
	112
	47
	36
	4
	34
	26
	105
	65
	76
	88
	27
	113
	82
	4
	18
	9
	112
	115
	59
	4
	7
	17
	1
	17 -> 1 [label="" style=dashed]
	124
	27
	80
	80
	72
	77
	9
	113
	94
	56
	4
	19
	58
	35
	120
	117
	67
	44
	47
	117
	29
	70
	118
	33
	81
	68
	29
	115
	88
	93
	39
	70
	80
	149
	93
	23
	70
	29
	88
	7
	13
	91
	35
	81
	90
	35
	64
	26
	105
	105 -> 37 [label="" style=dashed]
	3
	77
	3 -> 77 [label="" style=dashed]
	127
	43
	151
	24
	34
	73
	73
	104
	76
	27
	72
	50
	72 -> 50 [label="" style=dashed]
	29
	121
	35
	96
	94
	72
	26
	149
	26 -> 149 [label="" style=dashed]
	81
	85
	159
	102
	22
	23
	123
	2
	25
	1
	36
	80
	65
	59
	90
	2
	98
	15
	65
	49
	65
	85
	18
	83
	23
	1
	136
	1
	51
	112
	83
	23
	64
	31
	104
	115
	21
	100
	67
	39
	53
	50
	122
	63
	5
	81
	85
	56
	59
	88
	33
	5
	33 -> 5 [label="" style=dashed]
	35
	27
	63
	1
	76
	94
	60
	27
	17
	4
	95
	4
	113
	14 -> 113 [label="" style=dashed]
	15
	56
	78
	48
	26
	94
	105
	90
	89
	74
	106
	54
	29
	54 -> 29 [label="" style=dashed]
	6
	44
	2
	43
	115
	43 -> 115 [label="" style=dashed]
	107
	7
	107 -> 7 [label="" style=dashed]
	106
	61
	117
	96
	96 -> 45 [label="" style=dashed]
	89
	75
	91
	19
	91 -> 19 [label="" style=dashed]
	30
	84
	30
	33
	93
	13
	44
	149
	124
	106
	27
	48
	58
	112
	59
	86
	56
	7
	113
	69
	36
	35
	39
	39
	122
	70
	112
	8
	29
	23
	118
	65
	5
	50
	29
	75
	35
	75
	76
	89
	4
	54
	73
	47
	126
	22
	72
	57
	102
	62
	87
	54
	83
	54
	108
	69
	75
	91
	1
	12
	54
	12 -> 54 [label="" style=dashed]
	59
	9
	61
	86
	44
	72
	13
	6
	95
	26
	113
	88
	55
	115
	117
	28
	27
	33
	20
	121
	95
	87
	18
	72
	82
	108
	39
	54
	85
	2
	6
	40
	6 -> 40 [label="" style=dashed]
	16
	57
	70
	75
	80
	68
	70
	44
	53
	7
	42
	1
	42 -> 1 [label="" style=dashed]
	66
	49
	115
	123
	10
	79
	69
	67
	61
	33
	51
	24
	1
	79
	76
	84
	86
	85
	6
	106
	123
	76
	61
	13
	76
	9
	2
	83
	15
	26
	77
	68
	74
	17
	120
	54
	80
	18
	27
	72
	75
	48
	65
	50
	87
	98
	62
	72
	113
	64
	129
	1
	29
	23
	98
	18
	53
	26
	87
	110
	57
	8
	118
	2
	53
	102
	22
	7
	64
	69
	50
	93
	40
	50
	107
	71
	47
	90
	42
	59
	115
	8
	52
	84
	63
	47
	4
	35
	34
	7
	63
	108
	1
	113
	83
	94
	23
	4
	19
	60
	51
	60 -> 51 [label="" style=dashed]
	6
	130
	115
	58
	2
	96
	89
	80
	124
	47
	27
	87
	52
	83
	52 -> 83 [label="" style=dashed]
	36
	5
	50
	30
	50 -> 30 [label="" style=dashed]
	74
	47
	90
	85
	124
	19
	47
	10
	30
	29
	71
	47
	29
	53
	1
	53 -> 1 [label="" style=dashed]
	41
	13
	39
	36
	73
	117
	153
	53
	4
	37 -> 4 [label="" style=dashed]
	98
	130
	99
	84
	96
	61
	35
	47
	64
	27
	3
	76
	68
	113
	43
	18
	74
	72
	25
	86
	8
	86 -> 8 [label="" style=dashed]
	35
	95
	94
	73
	81
	84
	104
	17
	22
	20
	113
	28
	35
	117
	86
	94
	106
	71
	53
	17
	98
	23
	122
	101
	92
	85
	19
	85 -> 19 [label="" style=dashed]
	53
	9
	78
	59
	86
	71
	25
	112
	36
	31
	105
	115
	22
	22
	88
	100
	64
	73
	95
	15
	90
	69
	94
	25
	90
	59
	89
	62
	63
	17
	9
	72
	62
	8
	90
	113
	119
	79
	19
	70
	87
	81
	53
	89
	49
	95
	49
	1
	88
	79
	88 -> 79 [label="" style=dashed]
	40
	82
	107
	90
	27
	91
	18
	40
	78
	47
	12
	50
	101
	27
	47
	58
	12
	86
	59
	86 -> 59 [label="" style=dashed]
	113
	6
	113 -> 6 [label="" style=dashed]
	2
	2 -> 45 [label="" style=dashed]
	30
	10
	93
	76
	35
	31
	22
	8
	28
	90
	18
	8
	6
	8 -> 6 [label="" style=dashed]
	112
	98
	112 -> 98 [label="" style=dashed]
	84
	57
	105
	56
	3
	1
	36
	112
	77
	113
	118
	47
	125
	36
	15
	66
	80
	62
	80
	105
	23
	77
	22
	77 -> 22 [label="" style=dashed]
	69
	76
	55
	7
	17
	50
	123
	112
	86
	90
	9
	62
	86
	57
	50
	26
	112
	20
	28
	88
	54
	33
	21
	90
	67
	120
	44
	63
	18
	32 -> 18 [label="" style=dashed]
	109
	19
	1
	83
	115
	8
	17
	107
	34
	35
	34 -> 35 [label="" style=dashed]
	13
	35
	13 -> 35 [label="" style=dashed]
	80
	69
	44
	74
	44 -> 74 [label="" style=dashed]
	12
	33
	69
	40
	65
	95
	92
	115
	124
	69
	66
	69
	3
	15
	44
	135
	115
	115 -> 46 [label="" style=dashed]
	86
	82
	76
	75
	28
	83
	74
	104
	15
	27
	77
	69
	101
	47
	19
	86
	21
	74
	18
	74 -> 18 [label="" style=dashed]
	9
	48
	75
	49
	26
	68
	117
	117
	15
	6
	128
	113
	65
	29
	22
	75
	93
	99
	18
	50
	15
	117
	5
	11
	79
	44
	61
	18
	86
	71
	74
	1
	108
	69
	100
	66
	56
	121
	34
	104
	70
	90
	105
	104
	33
	104 -> 33 [label="" style=dashed]
	8
	53
	35
	39
	77
	70
	49
	113
	84
	94
	22
	57
	99
	21
	10
	3
	80
	65
	4
	57
	63
	1
	117
	67
	27
	27
	86
	79
	80
	35
	84
	4
	17
	117
	65
	50
	85
	42
	90
	84
	90 -> 84 [label="" style=dashed]
	16
	101
	123
	75
	101
	30
	3
	47
	28
	118
	63
	18
	19
	7
	11
	99
	85
	2
	37 -> 2 [label="" style=dashed]
	35
	40
	98
	1
	149
	23
	2
	118
	105
	35
	27
	18
	27 -> 18 [label="" style=dashed]
	71
	31
	74
	73
	74 -> 73 [label="" style=dashed]
	110
	35
	26
	64
	72
	54
	4
	72
	56
	72 -> 56 [label="" style=dashed]
	26
	52
	35
	94
	94
	74
	88
	1
	25
	30
	117
	56
	22
	21
	70
	63
	113
	29
	36
	35
	116
	67
	42
	14 -> 42 [label="" style=dashed]
	2
	98
	22
	70
	109
	51
	42
	49
	89
	83
	11
	79
	77
	151
	58
	112
	112 -> 37 [label="" style=dashed]
	115
	23
	71
	104
	24
	72
	21
	133
	21 -> 133 [label="" style=dashed]
	2
	73
	94
	48
	13
	16
	121
	69
	95
	58
	38 -> 58 [label="" style=dashed]
	82
	19
	101
	4
	62
	59
	35
	25
	104
	109
	61
	121
	94
	151
	67
	100
	67 -> 100 [label="" style=dashed]
	67
	48
	89
	48
	151
	63
	117
	77
	70
	53
	40
	93
	52
	1
	94
	1
	94
	55
	17
	30
	92
	116
	104
	90
	26
	22
	42
	61
	115
	83
	30
	31
	47
	13
	27
	93
	98
	58
	13
	63
	93
	112
	13
	27
	121
	124
	84
	86
	79
	39
	120
	19
	67
	31
	23
	71
	2
	5
	15
	62
	90
	19
	67
	90
	75
	61
	84
	56
	104
	1
	35
	101
	27
	26
	23
	75
	50
	112
	30
	112
	66
	81
	62
	81
	62 -> 81 [label="" style=dashed]
	5
	35
	77
	23
	69
	77
	98
	109
	12
	56
	76
	69
	86
	93
	80
	64
	47
	93
	47
	124
	7
	42
	7
	74
	33
	22
	33 -> 22 [label="" style=dashed]
	50
	90
	66
	115
	108
	85
	107
	85
	21
	4
	73
	108
	13
	53
	138
	83
	112
	100
	94
	95
	65
	34
	13
	34
	44
	50
	13
	1
	31
	15
	57
	115
	57 -> 115 [label="" style=dashed]
	18
	67
	18 -> 67 [label="" style=dashed]
	69
	43
	64
	47
	69
	65
	61
	35
	15
	23
	5
	1
	77
	76
	86
	115
	47
	149
	44
	107
	50
	6
	82
	53
	94
	104
	115
	101
	18
	111
	70
	27
	70
	85
	99
	117
	115
	65
	56
	16
	6
	117
	110
	26
	90
	73
	15
	25
	43
	100
	29
	21
	82
	70
	114
	124
	35
	18
	51
	128
	149
	26
	5
	10
	103
	83
	79
	7
	59
	98
	89
	60
	45 -> 60 [label="" style=dashed]
	98
	151
	71
	18
	1
	109
	119
	29
	67
	115
	120
	104
	90
	104 -> 90 [label="" style=dashed]
	105
	59
	117
	49
	50
	49 -> 50 [label="" style=dashed]
	101
	57
	8
	50
	59
	62
	111
	108
	4
	26
	100
	26 -> 100 [label="" style=dashed]
	62
	113
	65
	79
	70
	48
	113
	85
	94
	21
	20
	29
	57
	98
	42
	47
	42 -> 47 [label="" style=dashed]
	86
	149
	113
	73
	50
	52
	67
	26
	112
	18
	27
	85
	77
	100
	52
	52 -> 37 [label="" style=dashed]
	79
	34
	57
	23
	113
	99
	123
	50
	84
	41
	74
	90
	87
	90 -> 87 [label="" style=dashed]
	19
	47
	112
	59
	72
	122
	122
	88
	90
	39
	30
	7
	10
	23
	87
	124
	115
	81
	93
	81 -> 93 [label="" style=dashed]
	35
	41
	102
	82
	4
	2
	119
	105
	124
	40
	74
	70
	27
	149
	16
	4
	26
	51
	26 -> 51 [label="" style=dashed]
	29
	20
	108
	71
	9
	123
	59
	80
	70
	25
	31
	70
	62
	112
	69
	93
	68
	93 -> 68 [label="" style=dashed]
	113
	26
	36
	39
	35
	115
	15
	74
	31
	115
	2
	34
	98
	21
	53
	35
	18
	5
	95
	18
	70
	132
	45 -> 132 [label="" style=dashed]
	112
	34
	112
	80
	85
	84
	124
	93
	59
	82
	18
	9
	77
	70
	6
	35
	22
	47
	88
	31
	103
	27
	9
	35
	1
	10
	113
	117
	1
	8
	89
	47
	1
	149
	66
	31
	53
	115
	41
	40
	84
	21
	23
	105
	90
	25
	22
	43
	22 -> 43 [label="" style=dashed]
	82
	89
	70
	30
	36
	47
	10
	47 -> 10 [label="" style=dashed]
	93
	10
	50
	103
	27
	58
	10
	63
	44
	93
	111
	70
	115
	105
	1
	67
	91
	89
	2
	119
	112
	44
	42
	11
	1
	34
	105
	103
	104
	66
	82
	66 -> 82 [label="" style=dashed]
	4
	3
	69
	70
	6
	50
	54
	76
	68
	80
	59
	6
	93
	93
	109
	47
	90
	9
	64
	57
	56
	59
	63
	80
	100
	7
	77
	33
	23
	90
	65
	122
	45 -> 122 [label="" style=dashed]
	40
	61
	52
	105
	52 -> 105 [label="" style=dashed]
	83
	113
	1
	60
	34
	33
	13
	10
	84
	63
	33
	31
	44
	76
	86
	83
	86 -> 83 [label="" style=dashed]
	49
	48
	18
	66
	69
	42
	63
	14 -> 63 [label="" style=dashed]
	84
	88
	2
	69
	64
	57
	7
	110
	109
	1
	76
	76
	89
	115
	44
	62
	91
	56
	47
	56 -> 47 [label="" style=dashed]
	69
	17
	86
	80
	86
	102
	93
	40
	17
	19
	2
	80
	3
	64
	15
	29
	33
	101
	20
	4
	6
	22
	43
	94
	9
	69
	59
	10
	65
	76
	101
	58
	14 -> 58 [label="" style=dashed]
	117
	13
	10
	23
	73
	73 -> 14 [label="" style=dashed]
	104
	22
	9
	2
	24
	38 -> 24 [label="" style=dashed]
	29
	20
	33
	4
	118
	61
	9
	61 -> 9 [label="" style=dashed]
	115
	5
	13
	7
	58
	63
	53
	105
	28
	22
	151
	66
	54
	98
	7
	123
	38 -> 123 [label="" style=dashed]
	49
	6
	8
	51
	84
	66
	111
	109
	4
	30
	65
	23
	65 -> 23 [label="" style=dashed]
	62
	112
	87
	62
	23
	105
	2
	151
	113
	86
	94
	20
	1
	68
	1 -> 68 [label="" style=dashed]
	44
	48
	107
	3
	2
	48
	106
	6
	68
	100
	68 -> 100 [label="" style=dashed]
	23
	18
	72
	122
	29
	111
	82
	50
	53
	50 -> 53 [label="" style=dashed]
	27
	84
	27 -> 84 [label="" style=dashed]
	61
	1
	52
	34
	44
	18
	33
	17
	47
	1
	55
	57
	20
	113
	98
	115
	93
	40
	74
	44
	10
	10 -> 45 [label="" style=dashed]
	90
	86
	125
	10
	33
	84
	79
	11
	106
	93
	27
	56
	71
	56 -> 71 [label="" style=dashed]
	23
	86
	23 -> 86 [label="" style=dashed]
	98
	133
	40
	1
	83
	1
	83 -> 1 [label="" style=dashed]
	35
	42
	31
	1
	26
	1
	57
	130
	74
	71
	110
	29
	43
	64
	70
	64 -> 70 [label="" style=dashed]
	106
	61
	4
	70
	86
	19
	26
	50
	29
	49
	108
	94
	76
	75
	1
	1
	11
	25
	117
	54
	1
	56
	69
	112
	68
	113
	27
	4
	8
	69
	38 -> 69 [label="" style=dashed]
	44
	53
	2
	35
	95
	98
	20
	30
	47
	21
	1
	33
	7
	57
	89
	112
	35
	113
	122
	93
	1
	1
	82
	100
	63
	52
	8
	83
	9
	59
	84
	9
	76
	107
	85
	35
	23
	80
	24
	60
	23
	54
	101
	117
	14 -> 117 [label="" style=dashed]
	121
	73
	113
	116
	54
	43
	68
	88
	68 -> 88 [label="" style=dashed]
	56
	80
	26
	39
	29
	58
	15
	71
	21
	22
	56
	18
	129
	129
	102
	9
	90
	113
	30
	90
	24
	33
	62
	33 -> 62 [label="" style=dashed]
	43
	33
	84
	108
	30
	47
	11
	50
	102
	27
	44
	33
	151
	31
	42
	2
	1
	5
	45 -> 5 [label="" style=dashed]
	58
	11
	63
	43
	79
	59
	22
	98
	30
	13
	30 -> 13 [label="" style=dashed]
	51
	6
	31
	21
	39
	28
	19
	10
	75
	31
	75 -> 31 [label="" style=dashed]
	33
	83
	119
	115
	29
	59
	128
	26
	21
	75
	56
	66
	83
	134
	1
	63
	115
	69
	71
	112
	7
	112 -> 7 [label="" style=dashed]
	73
	42
	73 -> 42 [label="" style=dashed]
	9
	83
	47
	91
	9
	65
	9 -> 65 [label="" style=dashed]
	6
	49
	9
	57
	55
	95
	79
	26
	117
	88
	59
	43
	1
	115
	113
	35
	100
	35 -> 100 [label="" style=dashed]
	90
	64
	125
	98
	50
	40
	66
	85
	23
	13
	51
	8
	96
	18
	119
	53
	4
	10
	87
	31
	13
	44
	79
	62
	10
	75
	61
	34
	68
	1
	75
	76
	88
	115
	62
	90
	56
	69
	107
	56
	86
	81
	86 -> 81 [label="" style=dashed]
	76
	70
	93
	41
	39
	1
	17
	18
	47
	101
	87
	74
	35
	122
	91
	9
	47
	69
	56
	23
	32 -> 23 [label="" style=dashed]
	33
	8
	59
	14 -> 59 [label="" style=dashed]
	117
	12
	27
	60
	86
	124
	10
	22
	10 -> 22 [label="" style=dashed]
	5
	30
	104
	23
	27
	123
	94
	123 -> 94 [label="" style=dashed]
	8
	48
	116
	121
	50
	51
	113
	106
	117
	59
	123
	59 -> 123 [label="" style=dashed]
	69
	9
	18
	3
	18 -> 3 [label="" style=dashed]
	62
	67
	72
	35
	105
	119
	35
	79
	104
	21
	70
	67
	117
	79
	22
	57
	43
	72
	112
	66
	53
	27
	62
	39
	42
	70
	93
	84
	67
	65
	22
	106
	2
	113
	79
	63
	18
	63 -> 18 [label="" style=dashed]
	44
	9
	23
	104
	20
	42
	113
	87
	113 -> 87 [label="" style=dashed]
	1
	69
	107
	99
	75
	29
	75 -> 29 [label="" style=dashed]
	2
	47
	139
	26
	71
	89
	84
	24
	23
	21
	52
	35
	29
	4
	17
	40
	79
	92
	57
	21
	3
	26
	19
	57
	50
	86
	10
	44
	126
	42
	68
	29
	75
	39
	56
	33
	7
	16
	23
	85
	104
	59
	20
	111
	117
	35
	43
	35 -> 43 [label="" style=dashed]
	74
	115
	20
	62
	71
	94
	98
	87
	19
	16
	86
	18
	84
	122
	1
	122 -> 1 [label="" style=dashed]
	33
	90
	33 -> 90 [label="" style=dashed]
	81
	88
	100
	39
	1
	10
	29
	130
	56
	68
	1
	128
	113
	24
	35
	113
	68
	47
	61
	96
	30
	53
	104
	123
	65
	98
	63
	100
	109
	98
	71
	21
	112
	113
	123
	23
	63
	4
	1
	83
	100
	60
	100 -> 60 [label="" style=dashed]
	124
	27
	99
	69
	59
	85
	167
	47
	35
	20
	25
	87
	23
	113
	115
	89
	54
	42
	124
	6
	111
	42
	3
	90
	70
	56
	1
	4
	124
	41
	35
	94
	58
	17
	35
	40
	86
	103
	90
	23
	33
	63
	12
	74
	29
	104
	29 -> 104 [label="" style=dashed]
	31
	95
	47
	16
	47 -> 16 [label="" style=dashed]
	27
	43
	64
	58
	117
	93
	95
	63
	42
	63 -> 42 [label="" style=dashed]
	50
	37 -> 50 [label="" style=dashed]
	10
	84
	19
	24
	15
	31
	26
	73
	83
	5
	65
	5 -> 65 [label="" style=dashed]
	75
	84
	61
	16
	110
	84
	53
	58
	121
	29
	3
	89
	29
	40
	6
	40 -> 6 [label="" style=dashed]
	47
	129
	66
	84
	113
	7
	72
	5
	58
	69
	72
	111
	50
	52
	9
	80
	87
	50
	47
	96
	9
	66
	86
	49
	115
	112
	35
	101
	35 -> 101 [label="" style=dashed]
	115
	90
	36
	117
	70
	13
	50
	95
	80
	31
	87
	85
	22
	52
	103
	5
	73
	5 -> 73 [label="" style=dashed]
	13
	50
	8
	39
	15
	67
	13
	28
	102
	41
	23
	63
	31
	31
	12
	112
	12
	18
	64
	61
	44
	38 -> 44 [label="" style=dashed]
	1
	119
	1
	74
	115
	42
	56
	69
	15
	107
	57
	101
	16
	42
	124
	47
	100
	61
	61 -> 14 [label="" style=dashed]
	27
	90
	2
	86
	35
	123
	104
	112
	31
	21
	42
	10
	123
	61
	111
	75
	9
	44
	69
	57
	85
	94
	34
	2
	29
	98
	6
	124
	10
	21
	39
	68
	26
	123
	95
	117
	13
	69
	128
	94
	35
	94 -> 35 [label="" style=dashed]
	59
	47
	109
	101
	165
	51
	59
	50
	65
	105
	70
	66
	52
	125
	104
	95
	68
	50
	42
	49
	53
	64
	100
	84
	64
	111
	107
	128
	6
	113
	78
	59
	48
	23
	103
	20
	43
	113
	88
	94
	26
	2
	123
	86
	57
	2
	82
	70
	60
	3
	50
	51
	25
	23
	20
	2
	84
	52
	31
	21
	56
	35
	121
	58
	9
	50
	81
	74
	42
	127
	10
	35
	137
	137 -> 97 [label="" style=dashed]
	81
	48
	41
	18
	24
	8
	76
	124
	17
	7
	15
	1
	104
	58
	104 -> 58 [label="" style=dashed]
	22
	149
	68
	90
	17
	8
	28
	115
	105
	31
	20
	63
	43
	15
	42
	115
	71
	35
	73
	56
	76
	21
	84
	18
	99
	105
	50
	33
	93
	1
	13
	146
	59
	146 -> 59 [label="" style=dashed]
	1
	129
	113
	25
	113 -> 25 [label="" style=dashed]
	35
	112
	106
	74
	63
	62
	118
	23
	115
	23
	43
	15
	83
	95
	35
	74
	82
	130
	4
	6
	30
	83
	15
	83 -> 15 [label="" style=dashed]
	20
	3
	53
	36
	42
	18
	19
	72
	71
	68
	65
	113
	120
	85
	81
	1
	80
	5
	39
	33
	1
	48
	17
	54
	117
	42
	9
	74
	35
	21
	149
	86
	70
	56
	10
	50
	41
	115
	111
	93
	35
	75
	23
	130
	58
	4
	89
	44
	74
	2
	89
	66
	54
	28
	94
	59
	94 -> 59 [label="" style=dashed]
	100
	9
	92
	90
	22
	87
	11
	58
	30
	35
	47
	17
	27
	42
	124
	121
	93
	94
	44
	125
	79
	57
	30
	15
	53
	11
	29
	15
	109
	57
	31
	27
	81
	26
	73
	80
	5
	66
	44
	1
	44 -> 1 [label="" style=dashed]
	101
	69
	30
	7
	10
	58
	50
	23
	88
	105
	151
	33
	44
	1
	39
	8
	26
	27
	47
	128
	66
	85
	40
	8
	69
	73
	73
	40
	24
	5
	67
	54
	143
	80
	9
	67
	9
	56
	71
	57
	26
	115
	7
	70
	23
	36
	35
	102
	127
	73
	23
	35
	80
	31
	80
	84
	123
	68
	3
	5
	72
	34
	77
	5
	59
	104
	128
	15
	17
	13
	30
	98
	10
	10
	89
	113
	31
	11
	31 -> 11 [label="" style=dashed]
	43
	1
	118
	1
	73
	115
	43
	115 -> 43 [label="" style=dashed]
	56
	44
	5
	9
	27
	5
	86
	101
	47
	103
	61
	15
	2
	85
	48
	3
	34
	112
	85
	3
	30
	46 -> 30 [label="" style=dashed]
	76
	56
	76 -> 56 [label="" style=dashed]
	86
	26
	9
	91
	23
	21
	49
	106
	68
	112
	89
	93
	10
	20
	65
	33
	2
	42
	79
	21
	110
	98
	82
	13
	66
	51
	59
	53
	64
	18
	48
	71
	73
	79
	10
	25
	21
	72
	115
	84
	115 -> 84 [label="" style=dashed]
	57
	27
	64
	104
	94
	55
	2
	15
	8
	4
	33
	7
	31
	4
	66
	88
	14 -> 88 [label="" style=dashed]
	20
	40
	113
	89
	88
	89
	57
	94
	21
	94
	83
	20
	83 -> 20 [label="" style=dashed]
	69
	89
	77
	50
	56
	112
	79
	85
	30
	37 -> 30 [label="" style=dashed]
	79
	90
	57
	88
	21
	57
	21 -> 57 [label="" style=dashed]
	106
	1
	115
	94
	10
	27
	67
	112
	9
	112 -> 9 [label="" style=dashed]
	128
	106
	94
	59
	76
	29
	77
	35
	13
	84
	9
	8
	76
	70
	89
	83
	3
	83
	8
	83 -> 8 [label="" style=dashed]
	7
	23
	83
	104
	57
	93
	68
	93
	9
	113
	19
	83
	46 -> 83 [label="" style=dashed]
	74
	117
	6
	78
	71
	34
	67
	16
	35
	84
	47
	84 -> 47 [label="" style=dashed]
	77
	77 -> 46 [label="" style=dashed]
	48
	81
	1
	12
	1 -> 12 [label="" style=dashed]
	25
	35
	117
	59
	117 -> 59 [label="" style=dashed]
	112
	65
	113
	22
	41
	1
	73
	133
	83
	77
	23
	42
	42
	15
	80
	30
	44
	90
	98
	31
	57
	8
	62
	7
	123
	48
	8
	117
	32 -> 117 [label="" style=dashed]
	10
	118
	10 -> 118 [label="" style=dashed]
	34
	1
	95
	57
	84
	112
	30
	113
	121
	85
	80
	31
	6
	31 -> 6 [label="" style=dashed]
	1
	81
	55
	59
	83
	88
	19
	9
	73
	54
	12
	66
	1
	147
	146
	123
	76
	2
	76 -> 2 [label="" style=dashed]
	55
	35
	74
	99
	101
	81
	59
	104
	8
	8
	40
	96
	89
	35
	66
	35
	87
	42
	17
	101
	9
	95
	90
	21
	86
	12
	72
	129
	35
	89
	47
	138
	47
	124
	101
	31
	58
	115
	58 -> 115 [label="" style=dashed]
	101
	102
	53
	48
	93
	115
	112
	50
	109
	52
	12
	39
	56
	100
	109
	50
	31
	24
	161
	15
	4
	49
	78
	23
	60
	33
	10
	59
	10 -> 59 [label="" style=dashed]
	50
	22
	75
	86
	61
	40
	44
	1
	26
	24
	119
	66
	86
	16
	40
	98
	58
	105
	22
	107
	10
	27
	54
	64
	3
	50
	9
	86
	87
	56
	47
	94
	9
	68
	71
	56
	23
	35
	103
	78
	1
	90
	69
	126
	35
	81
	18
	79
	18 -> 79 [label="" style=dashed]
	40
	65
	40 -> 65 [label="" style=dashed]
	11
	103
	5
	71
	34
	50
	119
	8
	81
	115
	2
	119
	42
	8
	16
	3
	10
	88
	42
	3
	63
	13
	9
	12
	35
	95
	98
	69
	68
	1
	72
	74
	50
	56
	43
	4
	124
	107
	55
	113
	149
	50
	112
	47
	102
	149
	100
	68
	2
	94
	118
	76
	57
	11
	117
	86
	27
	77
	149
	9
	42
	60
	83
	2
	10
	53
	86
	53 -> 86 [label="" style=dashed]
	21
	48
	42
	21
	151
	6
	2
	6 -> 2 [label="" style=dashed]
	89
	94
	73
	10
	39
	66
	53
	27
	12
	61
	20
	29
	24
	3
	29
	112
	21
	111
	13
	67
	13 -> 67 [label="" style=dashed]
	128
	35
	94
	39
	90
	2
	45 -> 2 [label="" style=dashed]
	79
	42
	79 -> 42 [label="" style=dashed]
	122
	39
	122 -> 39 [label="" style=dashed]
	42
	43
	67
	45 -> 67 [label="" style=dashed]
	71
	72
	71
	13
	24
	33
	61
	89
	10
	57
	66
	50
	127
	34
	103
	39
	54
	58
	7
	30
	4
	65
	68
	59
	57
	93
	2
	44
	99
	69
	88
	42
	51
	82
	35
	82 -> 35 [label="" style=dashed]
	76
	37 -> 76 [label="" style=dashed]
	98
	6
	50
	57
	113
	4
	112
	15
	27
	23
	22
	23 -> 22 [label="" style=dashed]
	112
	5
	19
	76
	80
	1
	80 -> 1 [label="" style=dashed]
	72
	5
	19
	50
	50
	83
	74
	40
	115
	3
	93
	88
	129
	10
	35
	12
	70
	88
	70
	21
	25
	50
	104
	56
	20
	112
	92
	90
	58
	68
	92
	149
	22
	113
	18
	13
	121
	43
	13
	71
	54
	119
	4
	74
	4 -> 74 [label="" style=dashed]
	86
	15
	94
	2
	105
	52
	86
	5
	48
	82
	20
	10
	20 -> 10 [label="" style=dashed]
	1
	15
	117
	58
	28
	112
	64
	113
	23
	35
	110
	35 -> 110 [label="" style=dashed]
	117
	3
	53
	18
	63
	64
	63 -> 64 [label="" style=dashed]
	100
	42
	80
	9
	15
	81
	64
	115
	83
	90
	5
	23
	68
	10
	100
	2
	19
	35
	72
	73
	112
	31
	113
	126
	115
	18
	1
	86
	69
	86
	73
	39
	99
	48
	93
	59
	48
	15
	98
	123
	56
	59
	80
	88
	18
	9
	72
	2
	100
	94
	85
	94 -> 85 [label="" style=dashed]
	7
	4
	112
	44
	123
	113
	112
	35
	77
	76
	4
	20
	8
	113
	57
	87
	15
	9
	9
	94
	81
	35
	85
	12
	73
	88
	47
	15
	27
	40
	31
	7
	93
	53
	49
	44
	8
	24
	39
	151
	1
	83
	109
	30
	17
	55
	37 -> 55 [label="" style=dashed]
	13
	35
	31
	50
	9
	50 -> 9 [label="" style=dashed]
	58
	48
	18
	56
	107
	19
	68
	31
	25
	31 -> 25 [label="" style=dashed]
	4
	48
	54
	93
	83
	58
	144
	29
	5
	84
	50
	26
	25
	118
	108
	88
	69
	77
	94
	18
	151
	120
	73
	51
	6
	98
	67
	56
	71
	1
	47
	95
	9
	69
	9
	50
	59
	68
	7
	72
	103
	30
	23
	34
	35
	104
	35 -> 104 [label="" style=dashed]
	50
	44
	90
	68
	35
	82
	85
	27
	102
	49
	35
	8
	80
	106
	124
	15
	11
	67
	1
	13
	84
	40
	50
	1
	50 -> 1 [label="" style=dashed]
	114
	45 -> 114 [label="" style=dashed]
	40
	42
	6
	18
	69
	41
	1
	71
	1 -> 71 [label="" style=dashed]
	115
	41
	69
	18
	115
	128
	1
	93
	63
	7
	47
	105
	27
	93
	35
	126
	77
	60
	36
	76
	54
	101
	40
	16
	64
	60
	80
	15
	48
	52
	90
	52 -> 90 [label="" style=dashed]
	43
	112
	24
	112 -> 24 [label="" style=dashed]
	86
	2
	86 -> 2 [label="" style=dashed]
	89
	95
	73
	13
	73 -> 13 [label="" style=dashed]
	23
	41
	115
	112
	20
	112
	94
	30
	101
	54
	79
	43
	42
	40
	13
	60
	66
	89
	44
	71
	12
	66
	9
	27
	17
	68
	17 -> 68 [label="" style=dashed]
	126
	39
	151
	20
	79
	7
	7
	43
	27
	7
	60
	13
	104
	31
	7
	33
	118
	1
	82
	21
	151
	2
	57
	4
	2
	43
	51
	34
	65
	2
	85
	48
	42
	50
	23
	15
	75
	50
	54
	89
	130
	36
	9
	36 -> 9 [label="" style=dashed]
	19
	75
	115
	109
	115 -> 109 [label="" style=dashed]
	112
	3
	50
	82
	50
	98
	93
	89
	13
	93
	42
	64
	43
	50
	59
	74
	82
	98
	80
	21
	35
	11
	56
	83
	56
	70
	20
	65
	69
	23
	81
	20
	115
	95
	90
	59
	106
	4
	85
	67
	81
	34
	21
	43
	10
	4
	5
	67
	35
	4
	75
	86
	86 -> 14 [label="" style=dashed]
	44
	56
	105
	53
	33
	94
	33 -> 94 [label="" style=dashed]
	20
	13
	100
	35
	1
	25
	25 -> 37 [label="" style=dashed]
	113
	20
	113 -> 20 [label="" style=dashed]
	100
	43
	42
	35
	95
	20
	51
	20 -> 51 [label="" style=dashed]
	109
	59
	7
	83
	18
	7
	5
	42
	5
	105
	115
	65
	94
	65 -> 94 [label="" style=dashed]
	5
	24
	115
	42
	15
	42 -> 15 [label="" style=dashed]
	57
	86
	63
	104
	72
	74
	133
	25
	60
	1
	87
	1 -> 87 [label="" style=dashed]
	76
	115
	58
	57
	3
	53
	74
	7
	9
	71
	106
	54
	10
	149
	83
	94
	84
	69
	2
	87
	27
	123
	44
	55
	35
	35
	76
	99
	107
	113
	56
	47
	58
	47 -> 58 [label="" style=dashed]
	66
	66 -> 37 [label="" style=dashed]
	87
	44
	49
	49 -> 37 [label="" style=dashed]
	84
	29
	100
	50
	8
	31
	7
	12
	31
	33
	118
	83
	39
	54
	35
	30
	29
	10
	52
	66
	19
	13
	6
	19
	17
	5
	61
	113
	5
	60
	31
	83
	59
	50
	20
	61
	42
	61 -> 42 [label="" style=dashed]
	104
	35
	109
	94
	19
	24
	3
	74
	54
	73
	47
	29
	94
	7
	63
	6
	99
	9
	53
	71
	54
	59
	69
	103
	31
	23
	35
	33
	29
	35
	83
	42
	104
	101
	38 -> 101 [label="" style=dashed]
	5
	77
	82
	101
	8
	83
	141
	104
	128
	73
	115
	47
	81
	81
	5
	63
	35
	18
	68
	40
	1
	115
	42
	29
	110
	107
	1
	70
	128
	20
	99
	111
	117
	4
	17
	3
	1
	47
	93
	17
	13
	47
	104
	47 -> 104 [label="" style=dashed]
	67
	68
	124
	50
	35
	76
	55
	11
	69
	53
	85
	90
	40
	75
	18
	7
	6
	50
	78
	1
	28
	74
	9
	152
	26
	152 -> 26 [label="" style=dashed]
	73
	12
	22
	116
	113
	98
	87
	13
	65
	101
	55
	95
	86
	23
	112
	8
	69
	1
	3
	1
	18
	44
	112
	71
	11
	27
	102
	26
	83
	2
	21
	75
	17
	69
	60
	100
	20
	128
	63
	57
	72
	117
	7
	9
	27
	69
	70
	98
	54
	56
	151
	21
	49
	105
	84
	68
	17
	10
	1
	15
	1
	104
	30
	7
	21
	34
	62
	18
	85
	2
	42
	99
	35
	21
	18
	42
	53
	74
	21
	23
	24
	79
	95
	115
	99
	50
	39
	10
	43
	95
	43
	42
	65
	42 -> 65 [label="" style=dashed]
	81
	62
	80
	26
	80 -> 26 [label="" style=dashed]
	35
	10
	47
	75
	93
	29
	70
	23
	65
	68
	23
	80
	94
	90
	56
	68
	94
	24
	90
	24 -> 90 [label="" style=dashed]
	85
	66
	67
	85
	111
	63
	4
	76
	104
	9
	43
	22
	77
	5
	37 -> 5 [label="" style=dashed]
	123
	69
	123
	50
	1
	91
	1
	17
	25
	13
	106
	113
	21
	84
	88
	23
	47
	23 -> 47 [label="" style=dashed]
	99
	48
	10
	68
	95
	31
	20
	50
	43
	95
	31
	54
	64
	42
	73
	9
	65
	95
	5
	25
	112
	42
	83
	29
	77
	8
	4
	86
	68
	113
	124
	1
	84
	72
	85
	4
	58
	50
	3
	52
	86
	113
	100
	149
	72
	69
	54
	11
	2
	106
	94
	87
	35
	130
	113
	110
	35
	71
	48
	124
	73
	54
	113
	55
	47
	59
	47
	70
	88
	70
	88 -> 70 [label="" style=dashed]
	86
	42
	17
	25
	9
	22
	2
	12
	71
	30
	39
	35
	62
	93
	19
	58
	118
	93
	90
	13
	2
	110
	1
	57
	30
	8
	30 -> 8 [label="" style=dashed]
	15
	35
	33
	94
	104
	53
	122
	49
	98
	23
	112
	66
	69
	83
	56
	50
	27
	151
	88
	101
	16
	115
	119
	29
	16
	119
	104
	10
	88
	115
	88 -> 115 [label="" style=dashed]
	29
	95
	9
	85
	8
	46 -> 8 [label="" style=dashed]
	11
	71
	53
	95
	73
	95 -> 73 [label="" style=dashed]
	23
	35
	106
	35
	84
	24
	83
	48
	44
	48 -> 44 [label="" style=dashed]
	40
	68
	44
	68
	85
	29
	100
	105
	10
	105 -> 10 [label="" style=dashed]
	106
	58
	101
	130
	16
	1
	15
	13
	121
	35
	47
	80
	77
	56
	50
	6
	41
	26
	90
	10
	73
	76
	74
	53
	9
	39
	4
	121
	113
	44
	1
	44
	68
	93
	47
	47
	107
	44
	47
	35
	124
	77
	62
	34
	10
	25
	103
	69
	50
	2
	13
	42
	95
	41
	37 -> 41 [label="" style=dashed]
	86
	53
	1
	29
	27
	63
	117
	112
	104
	67
	31
	35
	58
	13
	62
	94
	58
	23
	7
	3
	5
	18
	101
	56
	94
	109
	104
	42
	65
	7
	18
	44
	98
	63
	11
	33
	27
	101
	67
	74
	105
	75
	21
	21
	76
	63
	50
	71
	71 -> 45 [label="" style=dashed]
	3
	84
	27
	68
	34
	50
	151
	22
	119
	50
	119 -> 50 [label="" style=dashed]
	84
	69
	113
	77
	7
	35
	21
	35
	104
	63
	104 -> 63 [label="" style=dashed]
	107
	1
	84
	124
	4
	29
	34
	75
	23
	21
	90
	42
	52
	42 -> 52 [label="" style=dashed]
	27
	3
	8
	112
	10
	22
	11
	63
	73
	79
	94
	79 -> 94 [label="" style=dashed]
	115
	98
	49
	45 -> 49 [label="" style=dashed]
	10
	42
	42
	66
	43
	56
	18
	27
	80
	27
	35
	17
	56
	81
	56
	35
	70
	22
	55
	115
	41
	60
	93
	6
	56
	5
	48
	56
	56
	54
	87
	34
	23
	34 -> 23 [label="" style=dashed]
	71
	61
	23
	61 -> 23 [label="" style=dashed]
	9
	25
	3
	136
	89
	56
	77
	42
	48
	85
	48 -> 85 [label="" style=dashed]
	33
	96
	3
	37 -> 3 [label="" style=dashed]
	1
	90
	100
	1
	16
	51
	50
	67
	7
	29
	86
	100
	83
	73
	84
	89
	84 -> 89 [label="" style=dashed]
	23
	51
	95
	30
	82
	58
	20
	53
	109
	35
	10
	2
	100
	115
	8
	66
	64
	43
	65
	92
	13
	113
	83
	28
	96
	50
	95
	10
	86
	69
	113
	125
	25
	66
	1
	85
	48
	90
	51
	3
	51
	88
	15
	162
	57
	106
	35
	33
	106
	72
	68
	110
	63
	94
	86
	104
	80
	35
	133
	18
	66
	19
	115
	35
	35
	70
	78
	43
	40
	73
	65
	113
	54
	113 -> 54 [label="" style=dashed]
	47
	56
	23
	94
	66
	39
	87
	65
	104
	136
	26
	77
	5
	42
	29
	102
	35
	63
	47
	18
	93
	18
	77
	90
	58
	18
	7
	90
	53
	44
	53 -> 44 [label="" style=dashed]
	68
	27
	56
	58
	71
	16
	35
	19
	21
	94
	107
	56
	104
	54
	96
	23
	113
	60
	50
	26
	75
	82
	22
	90
	81
	101
	134
	16
	44
	118
	70
	14 -> 70 [label="" style=dashed]
	72
	36
	77
	27
	50
	73
	73 -> 45 [label="" style=dashed]
	71
	3
	22
	58
	67
	59
	93
	101
	7
	100
	23
	33
	23 -> 33 [label="" style=dashed]
	35
	107
	50
	87
	160
	35
	85
	24
	80
	48
	40
	69
	44
	69
	101
	76
	10
	18
	103
	52
	30
	5
	15
	12
	22
	1
	77
	51
	77 -> 51 [label="" style=dashed]
	11
	15
	90
	39
	159
	81
	76
	44
	9
	113
	86
	88
	1
	47
	113
	47
	106
	7
	2
	2
	35
	125
	115
	68
	76
	53
	66
	13
	71
	69
	104
	7
	42
	94
	42 -> 94 [label="" style=dashed]
	88
	68
	88 -> 68 [label="" style=dashed]
	20
	98
	50
	24
	44
	86
	123
	73
	1
	65
	35
	39
	62
	12
	65
	8
	41
	115
	35
	57
	94
	33
	58
	22
	18
	1
	77
	115
	47
	3
	51
	59
	56
	59 -> 56 [label="" style=dashed]
	35
	28
	24
	29
	18
	47
	130
	44
	35
	11
	67
	75
	112
	115
	63
	51
	71
	72
	115
	3
	85
	110
	42
	34
	51
	34 -> 51 [label="" style=dashed]
	1
	66
	151
	23
	29
	63
	15
	113
	76
	7
	34
	7 -> 34 [label="" style=dashed]
	59
	42
	59 -> 42 [label="" style=dashed]
	104
	60
	47
	63
	20
	112
	123
	68
	55
	29
	35
	68
	77
	75
	20
	2
	40
	42
	55
	27
	39
	76
	18
	23
	10
	74
	98
	57
	69
	23
	10
	4
	157
	80
	23
	26
	71
	63
	85
	47
	67
	69
	48
	93
	84
	93 -> 84 [label="" style=dashed]
	94
	69
	42
	67
	82
	151
	93
	2
	93 -> 2 [label="" style=dashed]
	59
	79
	18
	26
	57
	1
	35
	16
	47
	77
	13
	71
	13 -> 71 [label="" style=dashed]
	84
	1
	104
	74
	81
	13
	104
	96
	12
	96
	68
	10
	80
	2
	48
	55
	56
	55
	84
	67
	30
	85
	35
	62
	35
	87
	10
	9
	26
	6
	10
	151
	79
	89
	57
	129
	47
	18
	93
	48
	86
	1
	93
	78
	56
	61
	51
	53
	10
	6
	18
	100
	29
	54
	23
	98
	115
	98 -> 115 [label="" style=dashed]
	42
	86
	42
	42 -> 32 [label="" style=dashed]
	19
	9
	20
	52
	90
	151
	8
	13
	50
	18
	83
	94
	5
	27
	10
	115
	96
	1
	53
	81
	57
	81
	72
	77
	1
	53
	64
	15
	9
	5
	27
	3
	52
	3
	50
	86
	115
	88
	88 -> 14 [label="" style=dashed]
	75
	19
	54
	17
	2
	104
	87
	24
	50
	40
	66
	18
	65
	17
	35
	73
	66
	8
	101
	82
	68
	80
	111
	111 -> 45 [label="" style=dashed]
	113
	53
	47
	57
	3
	99
	3 -> 99 [label="" style=dashed]
	6
	18
	88
	66
	88
	9
	84
	44
	81
	39
	81 -> 39 [label="" style=dashed]
	135
	89
	79
	84
	100
	35
	60
	47
	19
	96
	121
	96 -> 121 [label="" style=dashed]
	53
	30
	67
	30 -> 67 [label="" style=dashed]
	59
	17
	94
	106
	151
	90
	31
	29
	19
	18
	83
	54
	50
	25
	151
	35
	40
	4
	8
	44
	43
	87
	71
	72
	94
	69
	79
	62
	26
	29
	93
	93
	102
	69
	115
	18
	20
	63
	98
	103
	34
	23
	30
	18
	109
	94
	133
	94 -> 133 [label="" style=dashed]
	35
	86
	24
	81
	57
	16
	68
	48
	117
	83
	10
	19
	106
	5
	74
	121
	61
	8
	30
	8
	84
	86
	47
	121
	56
	75
	72
	12
	77
	50
	113
	36
	12
	25
	59
	67
	1
	116
	164
	18
	76
	47
	128
	23
	23
	128
	62
	98
	113
	82
	6
	118
	58
	118 -> 58 [label="" style=dashed]
	86
	89
	1
	42
	2
	76
	115
	69
	76
	50
	12
	47
	115
	105
	58
	1
	35
	89
	24
	68
	7
	113
	73
	42
	73
	53
	20
	40
	101
	8
	40
	9
	35
	56
	121
	58
	121 -> 58 [label="" style=dashed]
	79
	62
	58
	21
	101
	50
	96
	89
	69
	42
	44
	42 -> 44 [label="" style=dashed]
	47
	5
	12
	11
	18
	11
	31
	111
	20
	23
	43
	6
	160
	84
	3
	86
	123
	7
	110
	77
	72
	34
	52
	34 -> 52 [label="" style=dashed]
	69
	6
	39
	3
	12
	14 -> 12 [label="" style=dashed]
	113
	71
	7
	21
	62
	15
	59
	43
	39
	29
	47
	62
	47 -> 62 [label="" style=dashed]
	1
	61
	29
	36
	68
	76
	68 -> 76 [label="" style=dashed]
	75
	21
	79
	89
	42
	54
	76
	19
	50
	58
	25
	149
	19
	89
	24
	115
	9
	11
	65
	17
	48
	1
	54
	57
	29
	86
	57
	27
	66
	121
	106
	95
	95 -> 46 [label="" style=dashed]
	47
	118
	94
	68
	42
	60
	43
	54
	69
	27
	67
	15
	67 -> 15 [label="" style=dashed]
	80
	25
	35
	15
	35 -> 15 [label="" style=dashed]
	56
	87
	13
	70
	113
	33
	113 -> 33 [label="" style=dashed]
	71
	106
	107
	35
	68
	13
	113
	13
	85
	110
	23
	110 -> 23 [label="" style=dashed]
	34
	13
	9
	27
	129
	18
	90
	72
	77
	13
	112
	63
	1
	120
	95
	112
	100
	47
	30
	100
	98
	112
	42
	87
	42
	31
	53
	66
	47
	149
	43
	90
	66
	115
	50
	19
	65
	90
	5
	28
	2
	63
	2 -> 63 [label="" style=dashed]
	10
	112
	57
	82
	113
	75
	113 -> 75 [label="" style=dashed]
	64
	100
	68
	72
	86
	24
	51
	74
	58
	53
	106
	33
	33
	104
	54
	62
	54
	94
	80
	17
	74
	86
	9
	86 -> 9 [label="" style=dashed]
	94
	40
	65
	35
	72
	88
	5
	149
	43
	42
	9
	101
	81
	68
	81
	113
	52
	47
	54
	88
	75
	60
	62
	21
	29
	86
	17
	134
	84
	101
	35
	61
	83
	53
	5
	112
	68
	21
	30
	66
	30 -> 66 [label="" style=dashed]
	58
	100
	21
	18
	35
	34
	19
	23
	71
	4
	83
	83 -> 45 [label="" style=dashed]
	151
	93
	73
	72
	26
	66
	23
	115
	60
	35
	112
	47
	106
	40
	77
	83
	52
	5
	29
	90
	76
	66
	84
	2
	1
	2
	48
	115
	48 -> 115 [label="" style=dashed]
	95
	70
	95 -> 70 [label="" style=dashed]
	7
	80
	103
	35
	23
	31
	18
	108
	35
	87
	48
	47
	42
	100
	98
	128
	105
	109
	6
	13
	58
	106
	121
	50
	68
	103
	50
	56
	72
	77
	53
	13
	84
	69
	1
	111
	117
	26
	113
	47
	71
	95
	4
	16
	1
	43
	6
	109
	95
	56
	67
	64
	94
	112
	124
	54
	69
	42
	96
	44
	8
	104
	8 -> 104 [label="" style=dashed]
	56
	75
	68
	24
	42
	1
	24
	103
	26
	65
	42
	72
	90
	74
	90 -> 74 [label="" style=dashed]
	112
	22
	68
	35
	55
	13
	61
	80
	7
	83
	149
	91
	42
	72
	3
	13
	40
	115
	96
	105
	88
	105 -> 88 [label="" style=dashed]
	18
	41
	79
	67
	44
	1
	7
	1 -> 7 [label="" style=dashed]
	33
	130
	35
	151
	111
	21
	90
	4
	22
	81
	60
	104
	11
	74
	71
	40
	56
	90
	71
	151
	100
	9
	30
	83
	49
	101
	48
	99
	13
	47
	113
	70
	62
	59
	40
	104
	66
	47
	61
	1
	62
	29
	95
	42
	68
	75
	109
	5
	115
	79
	115 -> 79 [label="" style=dashed]
	50
	59
	112
	13
	112 -> 13 [label="" style=dashed]
	24
	31
	39
	68
	62
	19
	70
	21
	98
	95
	47
	93
	86
	93 -> 86 [label="" style=dashed]
	47
	119
	94
	67
	94 -> 67 [label="" style=dashed]
	42
	61
	58
	50
	69
	26
	81
	66
	81 -> 66 [label="" style=dashed]
	18
	24
	35
	56
	86
	56
	70
	27
	70 -> 27 [label="" style=dashed]
	113
	81
	15
	112
	23
	90
	52
	90 -> 52 [label="" style=dashed]
	149
	25
	48
	53
	113
	12
	56
	57
	47
	74
	34
	83
	34 -> 83 [label="" style=dashed]
	27
	25
	34
	24
	86
	72
	86 -> 72 [label="" style=dashed]
	63
	83
	87
	86
	13
	12
	88
	18
	91
	99
	18
	1
	95
	1 -> 95 [label="" style=dashed]
	1
	151
	100
	30
	100 -> 30 [label="" style=dashed]
	69
	112
	62
	1
	121
	95
	115
	128
	1
	29
	81
	42
	84
	42 -> 84 [label="" style=dashed]
	51
	8
	27
	90
	93
	50
	16
	59
	9
	5
	29
	5 -> 29 [label="" style=dashed]
	44
	84
	42
	10
	62
	8
	62 -> 8 [label="" style=dashed]
	90
	1
	90 -> 1 [label="" style=dashed]
	154
	68
	105
	7
	1
	88
	100
	69
	73
	54
	39
	48
	95
	40
	3
	57
	55
	48
	3
	56
	86
	117
	142
	86
	88
	12
	35
	29
	121
	4
	54
	61
	54
	15
	94
	83
	28
	29
	47
	4
	65
	15
	99
	108
	43
	68
	86
	113
	51
	20
	149
	93
	4
	62
	3
	5
	3
	35
	3 -> 35 [label="" style=dashed]
	56
	12
	36
	1
	108
	133
	35
	66
	82
	33
	11
	7
	95
	53
	47
	5
	115
	112
	57
	5
	4
	68
	22
	58
	74
	19
	35
	30
	65
	1
	94
	100
	94 -> 100 [label="" style=dashed]
	44
	43
	3
	7
	73
	71
	83
	52
	9
	7
	4
	23
	102
	5
	33
	43
	81
	73
	72
	31
	77
	80
	104
	3
	4
	27
	53
	50
	126
	76
	65
	80
	56
	94
	43
	52
	3
	104
	117
	69
	113
	7
	103
	7
	81
	103
	36
	103 -> 36 [label="" style=dashed]
	85
	70
	50
	47
	18
	89
	105
	24
	95
	89
	48
	40
	48 -> 40 [label="" style=dashed]
	101
	75
	129
	104
	8
	40
	48
	47
	84
	47 -> 84 [label="" style=dashed]
	47
	39
	47 -> 39 [label="" style=dashed]
	68
	81
	29
	1
	110
	48
	29
	28
	60
	113
	40
	1
	57
	71
	94
	4
	17
	1
	40
	68
	4
	95
	59
	95 -> 59 [label="" style=dashed]
	2
	74
	35
	128
	77
	66
	76
	3
	2
	17
	81
	18
	42
	91
	109
	10
	65
	40
	20
	95
	75
	69
	64
	91
	1
	25
	48
	68
	1
	42
	71
	104
	29
	104 -> 29 [label="" style=dashed]
	158
	64
	29
	90
	75
	47
	27
	3
	20
	112
	26
	84
	115
	4
	35
	54
	35 -> 54 [label="" style=dashed]
	90
	9
	100
	13
	41
	33
	48
	18
	40
	44
	115
	44
	36
	44 -> 36 [label="" style=dashed]
	71
	11
	36
	29
	26
	18
	86
	48
	66
	59
	21
	112
	21 -> 112 [label="" style=dashed]
	54
	53
	28
	8
	49
	104
	2
	10
	77
	17
	40
	121
	47
	60
	80
	1
	63
	29
	30
	68
	74
	75
	27
	75 -> 27 [label="" style=dashed]
	59
	87
	151
	85
	42
	85 -> 42 [label="" style=dashed]
	69
	81
	23
	13
	51
	40
	2
	58
	24
	30
	24
	115
	52
	20
	76
	87
	1
	71
	84
	1
	56
	117
	40
	115
	5
	117
	80
	95
	44
	42
	62
	18
	23
	23
	73
	56
	85
	56
	39
	113
	35
	107
	71
	15
	68
	15
	124
	75
	113
	11
	56
	50
	27
	24
	6
	70
	63
	82
	84
	27
	115
	6
	13
	18
	96
	75
	4
	48
	89
	54
	1
	94
	1
	122
	35
	119
	25
	80
	29
	80
	42
	85
	10
	63
	112
	42
	20
	57
	20 -> 57 [label="" style=dashed]
	81
	3
	8
	16
	50
	17
	50 -> 17 [label="" style=dashed]
	2
	65
	2 -> 65 [label="" style=dashed]
	44
	85
	9
	3
	96
	54
	150
	36
	86
	65
	112
	1
	89
	55
	1
	30
	29
	72
	80
	72 -> 80 [label="" style=dashed]
	43
	29
	48
	94
	56
	117
	106
	3
	55
	3 -> 55 [label="" style=dashed]
	123
	10
	76
	35
	17
	76
	35
	6
	64
	113
	8
	115
	65
	12
	43
	44
	72
	40
	29
	82
	113
	50
	113 -> 50 [label="" style=dashed]
	47
	52
	23
	90
	67
	9
	34
	98
	5
	36
	80
	67
	19
	4
	109
	37 -> 109 [label="" style=dashed]
	90
	29
	90 -> 29 [label="" style=dashed]
	132
	72
	21
	71
	118
	35
	67
	81
	77
	33
	10
	7
	94
	7 -> 94 [label="" style=dashed]
	53
	40
	77
	47
	49
	50
	7
	112
	58
	68
	23
	35
	36
	31
	5
	12
	56
	115
	120
	4
	41
	26
	64
	66
	62
	20
	83
	20 -> 83 [label="" style=dashed]
	80
	15
	2
	25
	15
	7
	104
	34
	35
	7
	103
	63
	118
	55
	10
	82
	48
	43
	80
	74
	77
	81
	77 -> 81 [label="" style=dashed]
	5
	52
	50
	125
	22
	91
	84
	93
	63
	74
	94
	42
	66
	44
	7
	104
	41
	42
	103
	31
	3
	18
	88
	68
	47
	12
	12 -> 45 [label="" style=dashed]
	20
	102
	8
	33
	40
	49
	56
	70
	31
	18
	31
	5
	13
	86
	68
	8
	1
	113
	115
	151
	76
	40
	117
	24
	117 -> 24 [label="" style=dashed]
	113
	41
	4
	1
	41
	29
	88
	123
	79
	95
	58
	17
	15
	2
	75
	111
	80
	112
	35
	129
	115
	55
	77
	67
	101
	49
	115
	82
	2
	18
	151
	82
	151 -> 82 [label="" style=dashed]
	42
	90
	22
	104
	20
	94
	54
	64
	90
	30
	54
	1
	26
	109
	21
	103
	24
	103 -> 24 [label="" style=dashed]
	42
	70
	28
	90
	76
	95
	1
	47
	26
	29
	119
	119
	35
	53
	129
	56
	29
	110
	93
	101
	53
	93
	100
	84
	12
	24
	25
	18
	43
	57
	76
	10
	93
	69
	33
	31
	33 -> 31 [label="" style=dashed]
	111
	23
	7
	89
	18
	71
	42
	28
	3
	81
	110
	4
	89
	54
	50
	20
	6
	11
	113
	72
	7
	64
	9
	47
	67
	23
	109
	1
	64
	29
	31
	29 -> 31 [label="" style=dashed]
	52
	42
	8
	9
	69
	80
	69 -> 80 [label="" style=dashed]
	42
	59
	115
	77
	85
	2
	59
	24
	52
	23
	77
	115
	130
	68
	64
	30
	115
	67
	86
	91
	50
	51
	60
	51 -> 60 [label="" style=dashed]
	95
	94
	65
	42
	63
	23
	70
	115
	47
	73
	13
	75
	104
	70
	100
	68
	90
	50
	29
	8
	29 -> 8 [label="" style=dashed]
	113
	10
	86
	70
	85
	115
	80
	6
	8
	62
	31
	62 -> 31 [label="" style=dashed]
	40
	75
	54
	33
	58
	20
	18
	55
	100
	77
	24
	56
	65
	56 -> 65 [label="" style=dashed]
	1
	123
	35
	118
	29
	83
	80
	48
	4
	42
	82
	8
	25
	8 -> 25 [label="" style=dashed]
	82
	57
	82 -> 57 [label="" style=dashed]
	101
	122
	98
	79
	8
	69
	44
	86
	58
	59
	119
	109
	93
	86
	66
	112
	39
	42
	22
	115
	10
	70
	4
	77
	72
	83
	4
	52
	51
	21
	89
	88
	10
	54
	67
	35
	136
	13
	68
	35
	8
	65
	13
	87
	6
	107
	8
	101
	86
	68
	84
	68 -> 84 [label="" style=dashed]
	47
	53
	47
	71
	88
	76
	88 -> 76 [label="" style=dashed]
	13
	73
	15
	77
	69
	7
	49
	70
	3
	56
	131
	71
	117
	5
	47
	29
	109
	35
	64
	80
	79
	47
	101
	109
	53
	41
	5
	117
	5 -> 117 [label="" style=dashed]
	47
	48
	112
	59
	83
	30
	58
	40
	10
	53
	124
	83
	151
	94
	4
	40
	41
	8
	115
	33
	83
	50
	80
	80 -> 14 [label="" style=dashed]
	2
	70
	2
	115
	87
	94
	60
	113
	100
	80
	31
	66
	26
	113
	68
	82
	49
	77
	86
	94
	10
	50
	124
	63
	75
	82
	115
	94
	66
	66 -> 45 [label="" style=dashed]
	7
	57
	7
	105
	7
	83
	105
	26
	15
	39
	15 -> 39 [label="" style=dashed]
	68
	44
	98
	64
	65
	53
	3
	115
	81
	47
	86
	1
	112
	48
	27
	42
	20
	115
	149
	115
	49
	23
	151
	113
	42
	81
	8
	81 -> 8 [label="" style=dashed]
	118
	4
	15
	17
	2
	72
	2
	94
	101
	48
	71
	62
	115
	83
	42
	93
	22
	105
	22 -> 105 [label="" style=dashed]
	21
	43
	12
	117
	65
	42
	1
	27
	122
	103
	23
	42
	77
	90
	77
	25
	12
	47
	25
	47 -> 25 [label="" style=dashed]
	94
	123
	115
	7
	35
	52
	94
	151
	7
	92
	13
	43
	33
	12
	15
	24
	26
	18
	42
	57
	79
	44
	30
	11
	35
	33
	30
	65
	112
	119
	39
	56
	9
	70
	1
	40
	13
	89
	19
	11
	71
	29
	56
	93
	4
	88
	35
	99
	47
	21
	33
	21 -> 33 [label="" style=dashed]
	7
	67
	7 -> 67 [label="" style=dashed]
	104
	65
	104 -> 65 [label="" style=dashed]
	47
	66
	1
	65
	108
	82
	68
	72
	82
	89
	27
	56
	42
	58
	27
	115
	76
	70
	7
	24
	117
	15
	66
	1
	50
	1 -> 50 [label="" style=dashed]
	84
	99
	67
	85
	67 -> 85 [label="" style=dashed]
	58
	83
	90
	93
	81
	43
	58
	18
	21
	80
	29
	35
	19
	35 -> 19 [label="" style=dashed]
	13
	74
	9
	84
	104
	73
	72
	104
	103
	95
	29
	17
	2
	17 -> 2 [label="" style=dashed]
	68
	17
	23
	50
	48
	50
	113
	17
	104
	48
	27
	26
	34
	29
	34 -> 29 [label="" style=dashed]
	86
	77
	63
	80
	82
	27
	117
	55
	101
	84
	149
	72
	18
	40
	74
	18
	94
	68
	9
	7
	49
	56
	1
	96
	1
	124
	83
	79
	30
	104
	3
	68
	23
	48
	8
	24
	31
	35
	109
	70
	82
	56
	123
	104
	106
	133
	50
	69
	50
	15
	112
	94
	64
	109
	82
	13
	7
	13 -> 7 [label="" style=dashed]
	2
	67
	44
	87
	96
	56
	112
	43
	109
	94
	109 -> 94 [label="" style=dashed]
	86
	67
	115
	13
	85
	9
	47
	9
	4
	53
	4 -> 53 [label="" style=dashed]
	70
	2
	82
	63
	50
	39
	119
	21
	88
	55
	47
	76
	54
	66
	2
	6
	65
	123
	66
	13
	65
	10
	30
	94
	43
	68
	85
	47
	50
	9
	8
	60
	66
	80
	65
	56
	15
	56 -> 15 [label="" style=dashed]
	47
	83
	130
	72
	27
	20
	7
	35
	65
	87
	103
	33
	12
	48
	33
	48 -> 33 [label="" style=dashed]
	58
	98
	53
	42
	80
	79
	80 -> 79 [label="" style=dashed]
	118
	8
	58
	43
	11
	45 -> 11 [label="" style=dashed]
	92
	56
	117
	79
	83
	5
	69
	26
	62
	115
	49
	29
	66
	60
	20
	81
	75
	88
	87
	95
	94
	57
	61
	56
	4
	20
	135
	101
	62
	79
	66
	27
	66 -> 27 [label="" style=dashed]
	113
	69
	43
	82
	77
	39
	5
	54
	50
	123
	111
	8
	7
	12
	5
	94
	44
	56
	76
	41
	40
	7
	84
	7 -> 84 [label="" style=dashed]
	48
	79
	31
	72
	31 -> 72 [label="" style=dashed]
	68
	30
	1
	124
	37 -> 124 [label="" style=dashed]
	25
	71
	64
	66
	109
	1
	113
	100
	43
	8
	35
	50
	4
	113
	63
	104
	151
	11
	39
	42
	21
	88
	130
	3
	105
	3 -> 105 [label="" style=dashed]
	39
	81
	23
	7
	9
	88
	29
	113
	43
	113 -> 43 [label="" style=dashed]
	47
	110
	47 -> 110 [label="" style=dashed]
	115
	57
	51
	7
	24
	1
	124
	48
	151
	80
	44
	16
	17
	86
	2
	93
	48
	65
	75
	10
	50
	70
	1
	20
	90
	88
	90 -> 88 [label="" style=dashed]
	109
	23
	42
	76
	115
	8
	90
	70
	40
	106
	47
	24
	77
	1
	3
	27
	6
	57
	7
	1
	35
	51
	35 -> 51 [label="" style=dashed]
	59
	13
	44
	24
	27
	69
	19
	80
	33
	63
	133
	40
	12
	26
	15
	41
	50
	3
	83
	56
	94
	26
	9
	26 -> 9 [label="" style=dashed]
	35
	98
	75
	7
	44
	58
	65
	40
	124
	59
	44
	39
	22
	47
	65
	68
	53
	29
	33
	52
	40
	121
	16
	121 -> 16 [label="" style=dashed]
	4
	106
	115
	75
	19
	82
	29
	46 -> 29 [label="" style=dashed]
	24
	35
	75
	68
	66
	33
	34
	115
	4
	101
	58
	82
	58 -> 82 [label="" style=dashed]
	51
	62
	5
	109
	106
	16
	91
	38 -> 91 [label="" style=dashed]
	93
	82
	34
	7
	43
	59
	82
	93
	82 -> 93 [label="" style=dashed]
	83
	5
	15
	35
	18
	35 -> 18 [label="" style=dashed]
	13
	77
	104
	72
	20
	75
	20 -> 75 [label="" style=dashed]
	36
	149
	11
	5
	23
	51
	87
	112
	113
	16
	95
	123
	31
	66
	86
	76
	63
	87
	83
	34
	18
	62
	33
	47
	55
	82
	1
	18
	95
	57
	1
	99
	79
	22
	10
	22 -> 10 [label="" style=dashed]
	56
	67
	106
	5
	1
	125
	74
	65
	1
	84
	80
	70
	105
	3
	69
	13
	3
	42
	80
	8
	23
	113
	130
	101
	124
	8
	15
	112
	95
	44
	80
	44 -> 80 [label="" style=dashed]
	1
	1
	52
	57
	108
	75
	4
	50
	53
	89
	22
	67
	83
	80
	66
	110
	104
	87
	50
	43
	24
	65
	11
	35
	79
	30
	95
	30 -> 95 [label="" style=dashed]
	4
	71
	43
	49
	43 -> 49 [label="" style=dashed]
	101
	84
	47
	51
	23
	93
	68
	166
	49
	76
	80
	62
	29
	48
	22
	33
	71
	115
	5
	86
	115
	129
	33
	15
	99
	21
	51
	18
	83
	34
	82
	22
	82 -> 22 [label="" style=dashed]
	12
	92
	6
	145
	68
	115
	31
	39
	5
	75
	89
	75 -> 89 [label="" style=dashed]
	4
	27
	156
	84
	156 -> 84 [label="" style=dashed]
	113
	136
	106
	47
	2
	66
	24
	111
	37 -> 111 [label="" style=dashed]
	106
	104
	18
	58
	2
	50
	122
	61
	83
	84
	90
	94
	47
	7
	55
	7
	107
	35
	59
	7
	85
	48
	78
	31
	75
	15
	29
	122
	57
	10
	68
	42
	125
	25
	72
	64
	67
	113
	101
	53
	8
	84
	7
	6
	105
	49
	87
	104
	90
	48
	63
	151
	47
	130
	13
	81
	113
	133
	62
	22
	59
	56
	48
	27
	8
	27 -> 8 [label="" style=dashed]
	35
	2
	35 -> 2 [label="" style=dashed]
	4
	13
	42
	41
	48
	101
	87
	83
	11
	25
	115
	56
	81
	4
	58
	5
	20
	58
	73
	44
	15
	6
	21
	49
	65
	44
	47
	8
	98
	62
	1
	21
	81
	47
	47
	23
	3
	24
	3 -> 24 [label="" style=dashed]
	35
	50
	16
	7
	9
	104
	9 -> 104 [label="" style=dashed]
	13
	83
	44
	101
	93
	64
	89
	1
	93
	7
	17
	66
	56
	95
	48
	1
	94
	79
	7
	65
	39
	23
	2
	123
	47
	64
	1
	67
	68
	70
	52
	47
	59
	10
	85
	69
	85
	27
	30
	76
	13
	49
	84
	115
	74
	53
	39
	80
	42
	24
	34
	10
	100
	77
	15
	72
	68
	67
	75
	124
	115
	28
	49
	4
	30
	53
	59
	92
	51
	63
	5
	106
	106
	11
	5
	88
	95
	48
	69
	21
	107
	107 -> 45 [label="" style=dashed]
	23
	77
	56
	89
	13
	76
	113
	39
	7
	29
	55
	4
	123
	68
	19
	23
	52
	50
	76
	55
	57
	113
	15
	85
	69
	86
	75
	80
	35
	9
	55
	107
	59
	26
	17
	115
	86
	3
	40
	76
	40 -> 76 [label="" style=dashed]
	22
	50
	1
	98
	24
	7
	66
	91
	69
	41
	56
	66
	1
	126
	8
	4
	108
	84
	81
	70
	104
	3
	66
	3
	40
	112
	53
	68
	82
	50
	90
	94
	98
	74
	50
	13
	50 -> 13 [label="" style=dashed]
	59
	1
	2
	69
	2 -> 69 [label="" style=dashed]
	44
	81
	63
	27
	113
	74
	112
	79
	93
	35
	75
	90
	115
	15
	57
	109
	66
	77
	30
	25
	134
	54
	88
	54 -> 88 [label="" style=dashed]
	80
	8
	163
	23
	163 -> 23 [label="" style=dashed]
	74
	59
	55
	120
	29
	86
	60
	117
	23
	4
	35
	78
	122
	53
	122 -> 53 [label="" style=dashed]
	25
	5
	5
	80
	63
	56
	17
	44
	22
	84
	107
	85
	101
	45 -> 101 [label="" style=dashed]
	7
	98
	47
	47 -> 45 [label="" style=dashed]
	83
	33
	101
	18
	120
	25
	27
	35
	5
	7
	58
	13
	121
	96
	73
	74
	4
	55
	81
	99
	3
	26
	60
	115
	30
	25
	8
	87
	70
	4
	117
	61
	54
	54
	5
	54 -> 5 [label="" style=dashed]
	16
	8
	22
	6
	66
	25
	110
	31
	71
	24
	103
	24
	87
	128
	115
	5
	56
	50
	121
	63
	70
	94
	66
	40
	41
	74
	31
	25
	85
	75
	31
	74
	15
	36
	98
	43
	1
	102
	126
	64
	60
	113
	102
	113 -> 102 [label="" style=dashed]
	8
	1
	8
	40
	108
	50
	13
	82
	81
	24
	42
	23
	42 -> 23 [label="" style=dashed]
	3
	107
	59
	39
	83
	107
	94
	4
	10
	35
	4
	89
	26
	86
	71
	61
	115
	86
	20
	44
	21
	44
	21 -> 44 [label="" style=dashed]
	83
	63
	65
	47
	50
	72
	30
	50
	1
	22
	92
	74
	42
	74
	90
	72
	25
	11
	25 -> 11 [label="" style=dashed]
	84
	75
	47
	22
	3
	25
	18
	13
	67
	5
	56
	73
	100
	80
	33
	65
	9
	65
	33
	35
	80
	63
	3
	63 -> 3 [label="" style=dashed]
	56
	96
	80
	95
	30
	82
	69
	101
	9
	13
	42
	13
	85
	52
	87
	34
	77
	117
	70
	69
	4
	69
	51
	35
	51 -> 35 [label="" style=dashed]
	84
	30
	118
	10
	52
	59
	13
	85
	69
	84
	27
	31
	74
	90
	115
	73
	31
	67
	80
	43
	2
	55
	76
	45 -> 76 [label="" style=dashed]
	19
	66
	73
	38 -> 73 [label="" style=dashed]
	1
	9
	115
	29
	31
	96
	88
	106
	10
	93
	5
	3
	9
	13
	112
	124
	56
	88
	70
	36
	113
	121
	8
	69
	124
	67
	42
	1
	68
	18
	55
	56
	113
	56
	82
	56 -> 82 [label="" style=dashed]
	85
	68
	26
	35
	91
	44
	61
	91
	62
	81
	27
	112
	67
	98
	93
	6
	3
	6 -> 3 [label="" style=dashed]
	151
	71
	33
	54
	51
	66
	90
	35
	18
	115
	18 -> 115 [label="" style=dashed]
	84
	82
	3
	67
	3
	41
	112
	53
	69
	10
	56
	90
	95
	98
	75
	50
	10
	93
	53
	2
	68
	35
	149
	84
	3
	31
	115
	66
	76
	73
	30
	24
	73
	4
	56
	82
	66
	77
	29
	21
	85
	21 -> 85 [label="" style=dashed]
	63
	2
	55
	42
	94
	89
	94 -> 89 [label="" style=dashed]
	95
	6
	66
	100
	21
	69
	81
	76
	86
	36
	129
	45 -> 129 [label="" style=dashed]
	55
	21
	13
	23
	2
	39
	8
	138
	90
	105
	90
	117
	5
	31
	108
	18
	80
	60
	48
	2
	41
	81
	19
	7
	49
	43
	35
	68
	35 -> 68 [label="" style=dashed]
	84
	69
	49
	100
	47
	44
	83
	34
	83 -> 34 [label="" style=dashed]
	101
	19
	72
	9
	25
	26
	36
	151
	98
	27
	1
	27 -> 1 [label="" style=dashed]
	115
	66
	67
	75
	40
	2
	20
	65
	58
	87
	90
	82
	113
	23
	68
	23 -> 68 [label="" style=dashed]
	84
	26
	47
	82
	63
	71
	90
	3
	30
	3 -> 30 [label="" style=dashed]
	75
	13
	41
	18
	101
	50
	15
	35
	29
	120
	68
	40
	98
	42
	98 -> 42 [label="" style=dashed]
	1
	103
	151
	104
	42
	112
	42 -> 112 [label="" style=dashed]
	73
	121
	12
	40
	113
	103
	40
	58
	96
	115
	6
	16
	6 -> 16 [label="" style=dashed]
	100
	1
	108
	57
	84
	42
	113
	1
	81
	27
	48
	23
	42
	24
	62
	20
	3
	100
	59
	36
	9
	70
	42
	9
	115
	80
	115
	115
	50
	94
	115
	115
	61
	89
	88
	115
	87
	64
	84
	20
	36
	44
	13
	21
	47
	83
	62
	113
	93
	88
	61
	75
	63
	8
	42
	56
	2
	1
	23
	87
	2
	81
	47
	21
	22
	63
	29
	112
	18
	10
	18 -> 10 [label="" style=dashed]
	118
	58
	29
	67
	3
	28
	35
	51
	39
	51 -> 39 [label="" style=dashed]
	103
	1
	13
	47
	33
	42
	40
	27
	10
	94
	66
	37 -> 66 [label="" style=dashed]
	33
	34
	2
	117
	40
	17
	41
	53
	84
	8
	80
	94
	4
	84
	72
	59
	43
	8
	3
	90
	8
	87
	35
	39
	21
	70
	68
	4
	68
	36
	36 -> 37 [label="" style=dashed]
	30
	103
	25
	3
	52
	72
	2
	85
	44
	19
	91
	80
	151
	80 -> 151 [label="" style=dashed]
	49
	82
	49 -> 82 [label="" style=dashed]
	115
	72
	80
	44
	19
	81
	121
	40
	121 -> 40 [label="" style=dashed]
	2
	56
	77
	45 -> 77 [label="" style=dashed]
	24
	113
	52
	26
	70
	38 -> 70 [label="" style=dashed]
	68
	69
	19
	79
	79
	1
	124
	45 -> 124 [label="" style=dashed]
	36
	23
	149
	106
	13
	94
	29
	85
	83
	7
	83 -> 7 [label="" style=dashed]
	23
	75
	47
	78
	70
	44
	7
	79
	18
	60
	28
	7
	27
	7 -> 27 [label="" style=dashed]
	72
	100
	123
	35
	123 -> 35 [label="" style=dashed]
	117
	86
	68
	7
	8
	4
	95
	104
	44
	27
	22
	43
	79
	91
	63
	84
	91
	63
	43
	112
	43 -> 112 [label="" style=dashed]
	27
	113
	27 -> 113 [label="" style=dashed]
	4
	90
	151
	115
	98
	90
	40
	70
	40 -> 70 [label="" style=dashed]
	151
	70
	52
	22
	93
	22
	15
	30
	18
	36
	18
	112
	18
	31
	44
	88
	80
	42
	39
	3
	42
	8
	20
	79
	35
	43
	98
	10
	57
	8
	18
	112
	90
	29
	52
	54
	74
	93
	115
	17
	22
	75
	95
	104
	6
	36
	6 -> 36 [label="" style=dashed]
	72
	30
	27
	30 -> 27 [label="" style=dashed]
	58
	35
	43
	23
	4
	57
	21
	84
	66
	5
	13
	31
	94
	88
	94 -> 88 [label="" style=dashed]
	89
	115
	21
	68
	28
	20
	86
	35
	86 -> 35 [label="" style=dashed]
	66
	17
	115
	103
	107
	46 -> 107 [label="" style=dashed]
	43
	73
	35
	10
	42
	151
	39
	53
	19
	101
	90
	104
	96
	15
	16
	50
	49
	75
	30
	70
	3
	71
	112
	49
	42
	119
	54
	35
	69
	53
	75
	69
	48
	107
	48
	58
	94
	98
	33
	103
	83
	35
	100
	29
	15
	45 -> 15 [label="" style=dashed]
	94
	109
	87
	79
	47
	7
	4
	47
	115
	36
	66
	64
	3
	113
	84
	151
	108
	99
	2
	23
	103
	105
	65
	59
	44
	95
	44 -> 95 [label="" style=dashed]
	104
	105
	2
	9
	82
	42
	11
	12
	60
	1
	54
	124
	54 -> 124 [label="" style=dashed]
	13
	18
	84
	27
	6
	53
	84
	95
	91
	18
	58
	82
	110
	4
	9
	36
	94
	48
	66
	42
	71
	58
	74
	69
	45 -> 69 [label="" style=dashed]
	23
	39
	48
	75
	33
	74
	24
	60
	1
	100
	151
	105
	120
	113
	104
	74
	63
	3
	40
	47
	68
	56
	90
	47
	133
	47
	30
	90
	33
	59
	35
	9
	36
	6
	101
	88
	84
	48
	104
	3
	18
	115
	53
	76
	1
	115
	62
	115 -> 62 [label="" style=dashed]
	76
	59
	26
	80
	50
	90
	40
	117
	64
	20
	35
	94
	7
	100
	57
	21
	21 -> 46 [label="" style=dashed]
	121
	13
	98
	2
	83
	61
	3
	50
	74
	48
	63
	48 -> 63 [label="" style=dashed]
	53
	29
	20
	1
	20 -> 1 [label="" style=dashed]
	81
	44
	47
	20
	118
	35
	70
	86
	149
	56
	27
	7
	18
	6
	15
	7
	19
	7 -> 19 [label="" style=dashed]
	99
	71
	8
	71 -> 8 [label="" style=dashed]
	13
	48
	33
	43
	123
	1
	24
	23
	35
	48
	23
	1
	10
	95
	39
	9
	67
	27
	10
	40
	16
	17
	65
	42
	113
	57
	35
	117
	2
	71
	48
	54
	117
	94
	95
	62
	42
	21
	115
	93
	57
	9
	15
	117
	9
	87
	36
	22
	29
	39
	26
	47
	69
	36
	30
	50
	115
	4
	102
	19
	90
	15
	64
	27
	63
	22
	74
	92
	115
	71
	80
	19
	86
	2
	57
	74
	24
	112
	10
	105
	52
	29
	71
	38 -> 71 [label="" style=dashed]
	27
	151
	50
	68
	63
	67
	80
	30
	4
	110
	82
	85
	50
	95
	1
	5
	11
	7
	107
	62
	68
	62 -> 68 [label="" style=dashed]
	27
	4
	47
	79
	7
	24
	113
	34
	113 -> 34 [label="" style=dashed]
	15
	50
	75
	115
	67
	40
	67 -> 40 [label="" style=dashed]
	81
	54
	81 -> 54 [label="" style=dashed]
	55
	50
	15
	3
	104
	104 -> 45 [label="" style=dashed]
	26
	91
	42
	91
	64
	91 -> 64 [label="" style=dashed]
	43
	113
	86
	1
	84
	49
	75
	2
	11
	54
	40
	73
	54
	33
	33
	56
	53
	86
	50
	22
	28
	39
	14 -> 37 [label="" style=dashed]
	18
	29
	89
	15
	4
	80
	36
	42
	31
	30
	10
	54
	75
	70
	29
	53
	41
	4
	63
	20
	115
	16
	56
	1
	57
	104
	71
	46 -> 71 [label="" style=dashed]
	30
	26
	85
	1
	85 -> 1 [label="" style=dashed]
	54
	31
	54 -> 31 [label="" style=dashed]
	4
	54
	55
	94
	6
	43
	80
	89
	20
	21
	115
	119
	6
	35
	115
	100
	55
	23
	139
	57
	139 -> 57 [label="" style=dashed]
	57
	6
	73
	34
	18
	74
	122
	50
	101
	88
	113
	59
	47
	72
	13
	72
	86
	40
	90
	115
	27
	124
	67
	18
	70
	73
	22
	44
	21
	59
	64
	12
	53
	74
	53 -> 74 [label="" style=dashed]
	77
	7
	106
	20
	70
	58
	95
	132
	95
	93
	98
	34
	54
	30
	47
	88
	35
	83
	36
	25
	24
	58
	16
	99
	1
	2
	89
	2 -> 89 [label="" style=dashed]
	74
	1
	74
	11
	24
	18
	3
	112
	2
	71
	2 -> 71 [label="" style=dashed]
	2
	22
	35
	5
	44
	94
	44 -> 94 [label="" style=dashed]
	94
	34
	4
	113
	62
	82
	43
	82 -> 43 [label="" style=dashed]
	42
	120
	71
	5
	13
	17
	59
	149
	84
	94
	92
	45 -> 92 [label="" style=dashed]
	49
	7
	36
	44
	7
	51
	25
	68
	64
	35
	18
	81
	15
	33
	1
	101
	121
	64
	63
	113
	105
	42
	2
	77
	77 -> 14 [label="" style=dashed]
	104
	98
	43
	57
	117
	95
	44
	104
	44 -> 104 [label="" style=dashed]
	100
	7
	47
	31
	48
	21
	42
	26
	76
	49
	65
	71
	3
	102
	9
	35
	70
	40
	88
	22
	94
	29
	113
	48
	75
	105
	75 -> 105 [label="" style=dashed]
	121
	1
	20
	151
	1
	48
	52
	50
	9
	117
	23
	8
	59
	94
	3
	17
	115
	52
	2
	95
	115
	63
	26
	81
	115
	85
	100
	56
	62
	8
	112
	83
	60
	109
	18
	113
	91
	96
	50
	75
	81
	43
	25
	84
	76
	53
	6
	70
	85
	7
	18
	98
	18
	8
	100
	83
	35
	49
	87
	78
	50
	78 -> 50 [label="" style=dashed]
	60
	40
	15
	66
	3
	94
	92
	4
	86
	9
	35
	93
	39
	15
	41
	87
	39
	27
	47
	68
	59
	95
	59 -> 95 [label="" style=dashed]
	84
	35
	73
	5
	47
	6
	98
	29
	19
	93
	76
	17
	26
	103
	115
	70
	31
	62
	85
	13
	75
	10
	104
	19
	69
	1
	133
	111
	57
	26
	42
	9
	115
	24
	115 -> 24 [label="" style=dashed]
	34
	105
	3
	96
	7
	68
	62
	69
	13
	117
	70
	35
	70 -> 35 [label="" style=dashed]
	104
	79
	76
	93
	35
	24
	67
	47
	4
	1
	81
	55
	23
	56
	4
	93
	56
	58
	26
	36
	112
	125
	112 -> 125 [label="" style=dashed]
	130
	6
	1
	6 -> 1 [label="" style=dashed]
	151
	117
	96
	42
	40
	72
	86
	53
	8
	93
	70
	93 -> 70 [label="" style=dashed]
	18
	110
	84
	13
	51
	8
	69
	8
	51
	3
	84
	85
	3
	62
	3
	44
	31
	33
	72
	92
	10
	55
	98
	70
	93
	50
	29
	50
	29 -> 50 [label="" style=dashed]
	63
	23
	63 -> 23 [label="" style=dashed]
	91
	80
	54
	76
	47
	123
	22
	77
	70
	58
	43
	21
	4
	55
	39
	113
	151
	44
	21
	86
	83
	87
	17
	56
	47
	98
	6
	42
	20
	22
	62
	9
	115
	118
	66
	15
	66 -> 15 [label="" style=dashed]
	107
	6
	18
	75
	9
	4
	113
	58
	100
	39
	51
	23
	98
	23 -> 98 [label="" style=dashed]
	90
	112
	67
	19
	22
	36
	44
	26
	49
	40
	53
	77
	95
	94
	105
	15
	42
	133
	76
	81
	98
	35
	60
	47
	41
	47 -> 41 [label="" style=dashed]
	9
	1
	83
	83 -> 37 [label="" style=dashed]
	53
	93
	93
	48
	17
	2
	88
	74
	12
	115
	34
	53
	84
	2
	87
	61
	50
	95
	36
	70
	6
	7
	89
	98
	55
	18
	82
	40
	114
	13
	16
	29
	28
	149
	93
	18
	56
	36
	47
	80
	3
	58
	104
	56
	77
	7
	50
	122
	35
	74
	35
	117
	61
	85
	79
	115
	95
	18
	80
	115
	1
	48
	49
	24
	62
	1
	106
	42
	117
	113
	106
	100
	3
	29
	7
	8
	47
	113
	3
	113 -> 3 [label="" style=dashed]
	40
	41
	90
	47
	44
	123
	47
	33
	38 -> 33 [label="" style=dashed]
	6
	4
	90
	35
	76
	8
	76 -> 8 [label="" style=dashed]
	56
	84
	42
	27
	62
	27
	65
	72
	70
	47
	113
	49
	88
	86
	88 -> 86 [label="" style=dashed]
	15
	5
	1
	49
	1 -> 49 [label="" style=dashed]
	47
	85
	47 -> 85 [label="" style=dashed]
	3
	16
	115
	64
	115 -> 64 [label="" style=dashed]
	71
	65
	20
	33
	42
	69
	16
	23
	42
	98
	44
	10
	28
	1
	28 -> 1 [label="" style=dashed]
	83
	67
	113
	90
	98
	65
	109
	29
	25
	15
	84
	71
	118
	7
	112
	7 -> 112 [label="" style=dashed]
	18
	17
	101
	1
	70
	84
	149
	36
	56
	21
	5
	1
	86
	61
	64
	22
	2
	112
	2 -> 112 [label="" style=dashed]
	11
	83
	57
	20
	94
	93
	95
	2
	95 -> 2 [label="" style=dashed]
	80
	91
	4
	81
	9
	17
	48
	9
	112
	1
	112 -> 1 [label="" style=dashed]
	1
	19
	1 -> 19 [label="" style=dashed]
	22
	27
	39
	24
	36
	36 -> 32 [label="" style=dashed]
	15
	73
	43
	7
	29
	39
	27
	35
	74
	94
	31
	63
	19
	84
	72
	10
	107
	83
	27
	25
	1
	59
	18
	7
	115
	25
	115 -> 25 [label="" style=dashed]
	47
	1
	35
	53
	54
	92
	92 -> 38 [label="" style=dashed]
	48
	19
	124
	53
	69
	93
	82
	13
	151
	10
	62
	66
	72
	67
	70
	76
	90
	7
	22
	95
	20
	35
	3
	117
	81
	81
	56
	23
	57
	26
	41
	22
	94
	124
	1
	48
	59
	117
	71
	56
	59
	165
	2
	101
	26
	31
	94
	53
	91
	66
	131
	103
	103 -> 45 [label="" style=dashed]
	62
	39
	22
	44
	22 -> 44 [label="" style=dashed]
	113
	8
	113 -> 8 [label="" style=dashed]
	86
	52
	7
	117
	33
	115
	31
	18
	111
	18
	34
	84
	86
	3
	63
	3
	31
	15
	61
	63
	29
	112
	93
	43
	2
	1
	14 -> 1 [label="" style=dashed]
	1
	33
	112
	72
	47
	122
	36
	18
	36 -> 18 [label="" style=dashed]
	66
	72
	30
	20
	30 -> 20 [label="" style=dashed]
	43
	20
	39
	112
	151
	12
	58
	118
	94
	123
	115
	117
	6
	94
	6 -> 94 [label="" style=dashed]
	47
	99
	6
	41
	7
	44
	66
	104
	20
	23
	20 -> 23 [label="" style=dashed]
	60
	77
	36
	103
	28
	23
	35
	108
	86
	66
	18
	76
	44
	66
	52
	115
	39
	50
	90
	113
	22
	39
	63
	63 -> 38 [label="" style=dashed]
	44
	27
	49
	47
	53
	76
	69
	104
	89
	69
	63
	69 -> 63 [label="" style=dashed]
	95
	7
	15
	43
	51
	20
	130
	38 -> 130 [label="" style=dashed]
	88
	4
	74
	5
	47
	40
	88
	39
	115
	43
	64
	47
	109
	63
	122
	63 -> 122 [label="" style=dashed]
	81
	23
	74
	13
	27
	76
	92
	4
	29
	113
	60
	117
	94
	6
	13
	15
	94
	18
	57
	2
	38 -> 2 [label="" style=dashed]
	29
	2
	149
	20
	28
	54
	10
	7
	63
	94
	64
	33
	18
	83
	18 -> 83 [label="" style=dashed]
	117
	151
	1
	107
	123
	113
	107
	10
	5
	47
	136
	47 -> 136 [label="" style=dashed]
	47
	33
	30
	90
	36
	99
	93
	63
	10
	65
	73
	59
	70
	7
	75
}
