digraph emailnet {
	node [shape=plaintext]
	node [color=red shape=circle style=filled]
	edge [color=red]
	97
	14
	97 -> 14 [label="" weight=5]
	14
	113
	14 -> 113 [label="" weight=5]
	113
	133
	113 -> 133 [label="" weight=5]
	node [color=lightblue2 shape=circle style=filled]
	edge [color=lightgray]
	3
	15
	37
	79
	26
	83
	64
	80
	27
	83
	23
	29
	2
	83
	66
	96
	35
	50
	34
	73
	70
	50
	77
	90
	81
	16
	106
	77
	3
	81
	41
	84
	70
	54
	120
	88
	96
	108
	111
	149
	37
	94
	9
	79
	112
	10
	98
	101
	99
	37
	62
	64
	23
	3
	72
	27
	13
	26
	3
	57
	36
	37
	21
	94
	90
	62
	45
	80
	90
	117
	90
	35
	91
	33
	98
	1
	18
	87
	31
	82
	109
	77
	112
	38
	60
	53
	13
	2
	32
	19
	85
	45
	73
	10
	106
	83
	26
	32
	24
	1
	58
	71
	29
	115
	26
	17
	104
	24
	77
	13
	8
	96
	83
	38
	128
	48
	18
	69
	90
	13
	115
	47
	89
	72
	66
	29
	1
	76
	91
	60
	24
	7
	23
	45
	47
	67
	45
	81
	57
	23
	58
	26
	42
	121
	6
	151
	87
	115
	26
	30
	45
	136
	62
	38
	22
	45
	98
	94
	96
	40
	54
	27
	50
	105
	103
	114
	50
	3
	45
	3
	18
	2
	32
	18
	35
	38
	48
	3
	60
	72
	90
	90
	3
	90
	50
	61
	93
	56
	93 -> 56 [label="" style=dashed]
	39
	100
	29
	56
	58
	56
	1
	32
	65
	86
	89
	21
	93
	33
	64
	18
	47
	121
	57
	107
	30
	23
	58
	31
	1
	78
	43
	27
	77
	26
	151
	42
	21
	80
	17
	54
	9
	88
	22
	56
	86
	41
	80
	84
	72
	59
	65
	7
	79
	111
	112
	38
	7
	35
	109
	91
	22
	138
	90
	44
	67
	32
	34
	39
	70
	76
	70
	19
	22
	38
	57
	112
	44
	24
	49
	46
	53
	71
	69
	44
	69
	62
	15
	40
	58
	90
	38
	131
	98
	37
	47
	43
	6
	87
	76
	79
	120
	39
	82
	29
	43
	63
	47
	108
	63
	125
	15
	23
	46
	39
	74
	54
	1
	49
	21
	3
	117
	27
	77
	75
	45
	75 -> 45 [label="" style=dashed]
	44
	91
	69
	4
	31
	36
	31 -> 36 [label="" style=dashed]
	111
	99
	62
	71
	10
	29
	61
	37
	116
	86
	4
	31
	70
	24
	105
	13
	61
	88
	82
	75
	45
	95
	83
	100
	15
	58
	106
	5
	15
	110
	50
	79
	48
	6
	20
	122
	37
	59
	58
	18
	104
	18
	82
	15
	30
	57
	19
	98
	49
	1
	104
	108
	113 -> 108 [label="" style=dashed]
	106
	130
	40
	53
	74
	67
	50
	66
	70
	94
	40
	43
	9
	47
	34
	38
	31
	39
	73
	90
	37
	63
	11
	65
	74
	70
	45
	88
	21
	80
	52
	53
	115
	66
	37
	78
	32
	2
	115
	88
	87
	43
	23
	28
	32
	67
	52
	86
	96
	16
	13
	67
	8
	50
	35
	61
	5
	90
	80
	48
	67
	19
	48
	99
	57
	81
	40
	81 -> 40 [label="" style=dashed]
	22
	64
	39
	35
	70
	82
	56
	23
	65
	64
	47
	87
	49
	17
	46
	98
	117
	33
	35
	44
	37
	63
	106
	29
	33
	64
	57
	31
	37
	22
	73
	106
	9
	19
	44
	59
	35
	90
	94
	70
	74
	4
	87
	32
	38
	63
	31
	112
	2
	33
	82
	86
	19
	94
	31
	58
	36
	53
	13
	4
	45
	70
	10
	109
	68
	39
	1
	130
	95
	9
	67
	2
	71
	26
	128
	115
	27
	22
	85
	50
	48
	53
	52
	53 -> 52 [label="" style=dashed]
	73
	98
	5
	83
	82
	15
	62
	64
	129
	115
	72
	65
	115
	48
	70
	30
	60
	25
	7
	20
	95
	22
	15
	54
	67
	44
	81
	50
	54
	45
	73
	58
	117
	73
	47
	76
	101
	35
	87
	7
	87 -> 7 [label="" style=dashed]
	15
	72
	43
	117
	74
	27
	31
	113 -> 31 [label="" style=dashed]
	98
	95
	43
	35
	84
	18
	84 -> 18 [label="" style=dashed]
	103
	115
	92
	65
	63
	49
	86
	54
	7
	115
	33
	117
	51
	1
	90
	7
	93
	75
	13
	23
	18
	36
	84
	10
	84 -> 10 [label="" style=dashed]
	18
	4
	80
	32
	3
	47
	21
	7
	90
	15
	10
	50
	67
	94
	98
	73
	98 -> 73 [label="" style=dashed]
	6
	37
	90
	5
	29
	57
	32
	100
	1
	31
	54
	71
	112
	70
	47
	120
	22
	70
	57
	100
	57 -> 100 [label="" style=dashed]
	79
	123
	67
	66
	54
	81
	54
	35
	77
	27
	108
	35
	151
	43
	17
	53
	80
	85
	110
	18
	110 -> 18 [label="" style=dashed]
	72
	15
	72 -> 15 [label="" style=dashed]
	59
	66
	20
	25
	88
	57
	6
	31
	90
	62
	115
	104
	35
	88
	78
	37
	79
	115
	32
	15
	16
	98
	117
	5
	50
	96
	72
	47
	39
	56
	49
	115
	100
	98
	96
	12
	96 -> 12 [label="" style=dashed]
	67
	128
	3
	3
	39
	3 -> 39 [label="" style=dashed]
	75
	85
	57
	111
	49
	45
	53
	70
	69
	47
	38
	136
	47
	42
	25
	20
	15
	24
	119
	1
	74
	15
	115
	39
	27
	74
	75
	46
	19
	38
	44
	90
	90
	62
	70
	66
	37
	9
	45
	96
	18
	55
	83
	103
	15
	112
	5
	149
	1
	18
	107
	18 -> 107 [label="" style=dashed]
	50
	49
	48
	70
	18
	85
	18 -> 85 [label="" style=dashed]
	57
	18
	1
	105
	72
	7
	109
	42
	7
	70
	95
	48
	69
	48 -> 69 [label="" style=dashed]
	32
	45
	59
	155
	136
	47
	35
	38
	36
	10
	26
	104
	11
	1
	111
	18
	59
	30
	59 -> 30 [label="" style=dashed]
	81
	3
	128
	88
	81
	112
	27
	70
	151
	140
	122
	3
	13
	115
	67
	89
	82
	115
	89
	27
	81
	20
	30
	80
	73
	32
	66
	92
	9
	79
	98
	41
	3
	95
	117
	66
	96
	33
	90
	83
	8
	46
	47
	116
	47 -> 116 [label="" style=dashed]
	90
	79
	81
	69
	22
	65
	88
	94
	78
	6
	39
	34
	149
	35
	93
	22
	56
	22
	88
	44
	76
	123
	117
	32
	35
	45
	20
	64
	27
	15
	37
	23
	62
	47
	4
	82
	9
	18
	29
	42
	94
	71
	81
	86
	6
	89
	38
	62
	106
	73
	99
	45
	51
	81
	15
	88
	42
	33
	119
	2
	53
	31
	45
	71
	83
	24
	15
	68
	32
	22
	129
	115
	20
	100
	66
	45
	38
	53
	51
	15
	96
	85
	55
	85 -> 55 [label="" style=dashed]
	62
	54
	32
	128
	35
	26
	84
	48
	72
	64
	79
	65
	70
	31
	60
	26
	7
	21
	32
	9
	112
	81
	51
	26
	44
	32
	70
	50
	2
	7
	27
	28
	26
	32
	50
	98
	94
	56
	37
	88
	48
	58
	48 -> 58 [label="" style=dashed]
	103
	46
	96
	46
	30
	32
	50
	107
	5
	90
	58
	63
	48
	45
	58
	22
	95
	69
	35
	30
	68
	13
	20
	18
	37
	44
	89
	90
	9
	109
	58
	70
	111
	3
	48
	68
	34
	3
	93
	54
	44
	3
	84
	59
	32
	103
	32 -> 103 [label="" style=dashed]
	58
	54
	1
	30
	65
	80
	148
	84
	112
	71
	75
	53
	75
	98
	57
	101
	58
	33
	20
	2
	39
	117
	107
	18
	69
	74
	98
	104
	21
	82
	104
	1
	41
	93
	6
	46
	80
	86
	80 -> 86 [label="" style=dashed]
	9
	59
	7
	47
	80
	104
	88
	56
	59
	2
	98
	57
	8
	18
	71
	44
	65
	58
	7
	47
	151
	89
	76
	100
	10
	83
	117
	68
	1
	28
	45
	34
	37
	70
	74
	8
	77
	3
	38
	57
	110
	18
	62
	69
	46
	67
	95
	90
	45
	109
	51
	23
	76
	85
	85
	7
	25
	2
	60
	41
	69
	13
	51
	13
	86
	84
	6
	107
	47
	115
	61
	12
	55
	3
	12
	1
	12 -> 1 [label="" style=dashed]
	15
	25
	123
	98
	115
	38
	3
	115
	27
	75
	75
	47
	75 -> 47 [label="" style=dashed]
	2
	29
	101
	6
	68
	115
	10
	27
	67
	104
	26
	1
	6
	84
	21
	84 -> 21 [label="" style=dashed]
	112
	29
	37
	7
	45
	59
	46
	15
	115
	53
	101
	18
	84
	24
	66
	67
	79
	64
	68
	112
	119
	85
	115
	40
	51
	18
	9
	1
	3
	2
	32
	44
	90
	43
	59
	112
	47
	36
	4
	34
	38
	37
	26
	105
	65
	76
	88
	27
	82
	4
	18
	9
	112
	115
	59
	4
	7
	17
	1
	124
	46
	27
	80
	80
	72
	77
	9
	94
	56
	4
	19
	58
	35
	120
	117
	67
	117 -> 67 [label="" style=dashed]
	45
	44
	47
	117
	29
	70
	118
	33
	81
	68
	29
	115
	88
	93
	39
	37
	70
	80
	149
	32
	93
	23
	70
	29
	88
	45
	7
	13
	91
	35
	81
	90
	35
	46
	64
	26
	105
	37
	3
	77
	37
	127
	43
	151
	37
	24
	34
	73
	73
	104
	76
	27
	72
	50
	29
	45
	121
	45
	35
	96
	94
	72
	26
	149
	81
	85
	159
	102
	22
	23
	123
	2
	25
	1
	36
	80
	38
	65
	59
	90
	2
	98
	15
	65
	49
	65
	85
	18
	83
	23
	1
	136
	1
	51
	112
	83
	23
	64
	31
	104
	115
	21
	100
	67
	45
	39
	53
	50
	122
	63
	5
	81
	85
	56
	59
	88
	33
	5
	35
	27
	63
	1
	76
	94
	60
	27
	17
	4
	95
	4
	15
	56
	78
	48
	26
	45
	32
	94
	105
	90
	89
	32
	74
	106
	54
	29
	38
	6
	44
	2
	43
	115
	107
	7
	37
	106
	37 -> 106 [label="" style=dashed]
	61
	117
	96
	45
	89
	75
	91
	19
	30
	84
	30
	33
	93
	13
	93 -> 13 [label="" style=dashed]
	44
	149
	124
	106
	27
	48
	58
	112
	58 -> 112 [label="" style=dashed]
	45
	59
	86
	56
	7
	69
	36
	35
	39
	39
	122
	70
	112
	70 -> 112 [label="" style=dashed]
	8
	29
	23
	118
	65
	5
	50
	29
	75
	35
	75 -> 35 [label="" style=dashed]
	75
	76
	89
	4
	54
	73
	47
	126
	22
	72
	57
	102
	57 -> 102 [label="" style=dashed]
	62
	87
	54
	83
	54
	37
	108
	37
	69
	75
	91
	1
	12
	54
	32
	59
	9
	61
	86
	44
	72
	13
	6
	95
	26
	88
	55
	115
	117
	28
	27
	33
	20
	45
	121
	95
	87
	18
	72
	82
	108
	39
	54
	85
	2
	6
	40
	16
	57
	70
	75
	80
	68
	70
	44
	53
	7
	45
	42
	1
	66
	38
	49
	115
	123
	10
	79
	69
	67
	61
	33
	51
	24
	1
	79
	76
	84
	86
	85
	6
	106
	123
	76
	61
	13
	76
	9
	2
	83
	15
	26
	77
	68
	74
	17
	120
	54
	80
	18
	27
	72
	75
	48
	65
	50
	87
	98
	62
	72
	64
	129
	1
	29
	23
	45
	98
	18
	53
	26
	87
	110
	57
	32
	8
	118
	2
	53
	102
	22
	7
	64
	69
	50
	93
	40
	50
	107
	71
	32
	47
	90
	42
	59
	115
	8
	52
	84
	63
	47
	37
	47 -> 37 [label="" style=dashed]
	4
	35
	38
	34
	32
	7
	63
	108
	1
	108 -> 1 [label="" style=dashed]
	83
	94
	23
	4
	19
	60
	51
	60 -> 51 [label="" style=dashed]
	6
	130
	115
	58
	2
	96
	89
	80
	124
	47
	124 -> 47 [label="" style=dashed]
	27
	87
	27 -> 87 [label="" style=dashed]
	52
	83
	37
	36
	38
	5
	50
	30
	74
	47
	90
	85
	38
	124
	19
	47
	10
	30
	29
	71
	47
	29
	53
	1
	41
	13
	39
	36
	73
	117
	153
	53
	37
	4
	98
	130
	99
	84
	96
	61
	35
	47
	64
	27
	3
	76
	68
	43
	18
	74
	72
	37
	25
	86
	8
	35
	95
	94
	73
	81
	84
	104
	17
	22
	20
	28
	35
	117
	86
	94
	106
	71
	53
	17
	98
	23
	122
	101
	122 -> 101 [label="" style=dashed]
	92
	45
	85
	19
	53
	9
	38
	78
	59
	86
	71
	25
	112
	36
	31
	105
	115
	22
	22
	88
	100
	64
	73
	95
	15
	90
	69
	94
	25
	90
	59
	89
	59 -> 89 [label="" style=dashed]
	62
	63
	17
	9
	72
	62
	8
	90
	119
	79
	19
	70
	87
	81
	53
	89
	49
	32
	95
	49
	1
	88
	79
	40
	82
	37
	107
	90
	27
	91
	18
	40
	78
	47
	12
	50
	101
	50 -> 101 [label="" style=dashed]
	27
	47
	58
	12
	86
	59
	6
	2
	45
	30
	10
	93
	76
	35
	38
	31
	22
	8
	28
	90
	18
	8
	6
	112
	98
	84
	57
	32
	105
	56
	3
	1
	36
	112
	77
	118
	47
	125
	36
	15
	66
	80
	66 -> 80 [label="" style=dashed]
	62
	80
	105
	23
	77
	22
	69
	76
	55
	7
	17
	50
	123
	112
	86
	90
	9
	62
	86
	45
	57
	50
	26
	112
	20
	28
	20 -> 28 [label="" style=dashed]
	88
	54
	33
	21
	90
	67
	45
	120
	44
	63
	32
	18
	38
	109
	19
	1
	83
	115
	8
	17
	38
	107
	34
	35
	13
	35
	80
	69
	44
	74
	12
	33
	69
	40
	65
	95
	92
	115
	124
	69
	66
	69
	3
	15
	44
	38
	135
	115
	46
	86
	82
	76
	75
	28
	83
	74
	104
	15
	27
	77
	69
	101
	47
	37
	19
	86
	21
	74
	18
	9
	48
	75
	49
	26
	38
	68
	117
	117
	15
	6
	128
	65
	29
	22
	75
	93
	45
	99
	18
	50
	15
	117
	5
	11
	79
	44
	45
	61
	18
	86
	71
	74
	1
	108
	69
	100
	66
	56
	38
	121
	34
	104
	70
	90
	105
	46
	32
	46
	104
	33
	8
	53
	38
	35
	39
	77
	70
	49
	84
	94
	22
	57
	99
	21
	10
	3
	80
	65
	4
	57
	63
	1
	117
	67
	27
	27
	86
	79
	80
	37
	35
	84
	4
	17
	45
	117
	65
	50
	85
	45
	42
	90
	84
	90 -> 84 [label="" style=dashed]
	16
	101
	46
	123
	75
	101
	30
	3
	47
	28
	118
	63
	18
	19
	7
	11
	99
	85
	37
	2
	35
	40
	98
	1
	149
	23
	149 -> 23 [label="" style=dashed]
	2
	118
	105
	35
	27
	18
	71
	31
	74
	73
	110
	35
	37
	26
	64
	72
	54
	4
	72
	56
	26
	52
	35
	94
	94
	74
	88
	1
	25
	30
	117
	56
	22
	21
	70
	63
	29
	36
	38
	35
	116
	38
	67
	42
	2
	37
	98
	22
	70
	109
	51
	42
	51 -> 42 [label="" style=dashed]
	49
	89
	83
	11
	38
	79
	38 -> 79 [label="" style=dashed]
	32
	77
	151
	58
	112
	37
	115
	23
	71
	104
	24
	72
	21
	2
	73
	94
	48
	13
	16
	121
	69
	95
	38
	58
	82
	19
	101
	4
	62
	59
	35
	25
	104
	109
	61
	121
	94
	151
	67
	100
	67
	48
	89
	48
	151
	63
	117
	77
	117 -> 77 [label="" style=dashed]
	70
	53
	40
	93
	52
	1
	94
	1
	94
	55
	17
	30
	92
	116
	37
	104
	90
	26
	22
	42
	61
	115
	45
	83
	30
	31
	47
	13
	27
	46
	93
	98
	58
	13
	63
	45
	63 -> 45 [label="" style=dashed]
	93
	112
	13
	27
	121
	124
	84
	86
	79
	39
	120
	19
	67
	31
	23
	71
	2
	5
	15
	62
	90
	19
	67
	90
	75
	37
	61
	45
	84
	56
	32
	104
	1
	35
	101
	27
	26
	23
	75
	50
	46
	112
	30
	112
	66
	81
	62
	81
	5
	35
	77
	23
	69
	77
	98
	109
	12
	56
	12 -> 56 [label="" style=dashed]
	76
	69
	86
	93
	80
	64
	47
	93
	47
	124
	7
	42
	7
	74
	33
	22
	50
	45
	90
	66
	115
	108
	85
	107
	85
	21
	4
	73
	4 -> 73 [label="" style=dashed]
	38
	108
	13
	53
	138
	38
	83
	112
	100
	94
	95
	65
	34
	32
	13
	34
	44
	50
	13
	1
	31
	15
	31 -> 15 [label="" style=dashed]
	57
	115
	18
	67
	69
	43
	69 -> 43 [label="" style=dashed]
	64
	38
	47
	69
	65
	61
	35
	15
	45
	23
	5
	1
	77
	76
	86
	115
	47
	115 -> 47 [label="" style=dashed]
	149
	44
	107
	50
	6
	82
	53
	94
	104
	115
	101
	46
	37
	18
	111
	70
	27
	70
	85
	99
	117
	115
	65
	56
	16
	6
	117
	45
	110
	26
	90
	73
	15
	38
	25
	43
	100
	29
	21
	82
	70
	38
	114
	124
	35
	18
	51
	128
	32
	149
	26
	5
	10
	103
	83
	103 -> 83 [label="" style=dashed]
	79
	45
	7
	59
	98
	89
	45
	60
	98
	151
	71
	18
	1
	109
	119
	37
	45
	29
	67
	115
	38
	120
	104
	90
	105
	45
	59
	117
	49
	50
	101
	57
	8
	50
	59
	62
	111
	108
	4
	37
	26
	100
	62
	65
	79
	70
	48
	85
	94
	21
	20
	29
	57
	98
	42
	47
	86
	149
	45
	37
	73
	50
	52
	67
	26
	112
	18
	27
	85
	27 -> 85 [label="" style=dashed]
	77
	100
	52
	37
	79
	37
	37
	34
	57
	23
	99
	45
	123
	45 -> 123 [label="" style=dashed]
	50
	84
	45
	41
	74
	45
	90
	87
	19
	45
	47
	112
	59
	72
	37
	122
	122
	45
	122 -> 45 [label="" style=dashed]
	88
	90
	39
	30
	7
	10
	23
	87
	124
	115
	81
	93
	35
	41
	45
	102
	82
	4
	2
	119
	105
	32
	124
	40
	74
	70
	37
	27
	37
	149
	16
	4
	26
	51
	29
	46
	45
	20
	108
	45
	71
	9
	71 -> 9 [label="" style=dashed]
	123
	59
	80
	70
	25
	31
	70
	62
	112
	69
	112 -> 69 [label="" style=dashed]
	93
	68
	26
	36
	39
	35
	115
	15
	74
	15 -> 74 [label="" style=dashed]
	45
	31
	115
	2
	34
	98
	21
	53
	35
	18
	5
	95
	18
	32
	70
	45
	132
	112
	34
	112
	80
	112 -> 80 [label="" style=dashed]
	85
	84
	124
	93
	38
	59
	82
	18
	9
	77
	70
	6
	35
	22
	47
	88
	31
	103
	27
	9
	35
	1
	46
	10
	45
	46
	117
	1
	8
	89
	47
	1
	149
	66
	31
	53
	115
	41
	37
	40
	84
	21
	23
	37
	105
	90
	25
	22
	43
	45
	82
	89
	70
	30
	36
	47
	10
	93
	10
	93 -> 10 [label="" style=dashed]
	50
	103
	27
	45
	58
	10
	63
	44
	93
	111
	70
	115
	105
	1
	67
	91
	89
	2
	119
	112
	44
	42
	11
	45
	1
	34
	105
	103
	104
	32
	66
	82
	4
	3
	69
	70
	6
	50
	32
	54
	76
	68
	80
	59
	6
	93
	93
	109
	47
	90
	9
	64
	57
	56
	59
	63
	80
	100
	80 -> 100 [label="" style=dashed]
	7
	77
	33
	23
	90
	65
	45
	122
	40
	61
	52
	105
	83
	1
	60
	34
	33
	13
	37
	10
	84
	63
	33
	31
	44
	76
	86
	83
	49
	48
	18
	66
	69
	42
	63
	38
	46
	84
	38
	88
	2
	69
	64
	57
	7
	110
	109
	1
	76
	76
	89
	115
	44
	62
	91
	56
	47
	69
	17
	86
	80
	86
	102
	93
	40
	17
	19
	2
	80
	3
	64
	15
	29
	46
	33
	101
	45
	20
	4
	6
	22
	43
	94
	9
	46
	69
	59
	10
	65
	76
	101
	58
	117
	13
	10
	23
	73
	104
	22
	9
	2
	38
	24
	29
	20
	33
	4
	45
	118
	61
	9
	38
	115
	5
	13
	7
	58
	45
	63
	53
	105
	45
	28
	22
	151
	66
	54
	98
	7
	38
	123
	49
	6
	8
	51
	84
	66
	111
	109
	4
	30
	65
	23
	62
	112
	87
	62
	23
	105
	2
	151
	86
	94
	20
	1
	68
	44
	48
	107
	3
	2
	48
	106
	6
	68
	100
	23
	18
	37
	72
	122
	29
	111
	82
	50
	53
	27
	84
	61
	1
	52
	34
	44
	18
	37
	33
	17
	47
	1
	55
	57
	20
	98
	115
	93
	45
	40
	74
	44
	74 -> 44 [label="" style=dashed]
	10
	45
	90
	86
	46
	125
	10
	33
	84
	79
	11
	106
	93
	27
	56
	71
	56 -> 71 [label="" style=dashed]
	23
	86
	98
	40
	1
	83
	1
	35
	42
	35 -> 42 [label="" style=dashed]
	31
	1
	26
	1
	26 -> 1 [label="" style=dashed]
	57
	130
	74
	71
	110
	37
	29
	43
	64
	70
	106
	61
	106 -> 61 [label="" style=dashed]
	4
	70
	86
	19
	26
	50
	29
	49
	108
	46
	108 -> 46 [label="" style=dashed]
	94
	76
	75
	1
	1
	11
	25
	32
	117
	54
	37
	1
	56
	69
	112
	68
	27
	4
	8
	38
	69
	44
	53
	2
	35
	95
	37
	98
	20
	30
	47
	21
	1
	33
	7
	57
	89
	112
	35
	122
	93
	1
	93 -> 1 [label="" style=dashed]
	1
	82
	100
	63
	52
	8
	83
	9
	59
	84
	9
	76
	107
	85
	35
	23
	80
	24
	60
	23
	54
	101
	117
	121
	73
	116
	54
	43
	68
	88
	56
	80
	26
	39
	29
	58
	15
	71
	21
	22
	56
	18
	129
	129
	37
	102
	9
	90
	30
	90
	24
	90 -> 24 [label="" style=dashed]
	33
	62
	43
	33
	84
	108
	30
	37
	47
	11
	50
	102
	27
	44
	33
	151
	33 -> 151 [label="" style=dashed]
	31
	42
	2
	1
	45
	5
	58
	11
	63
	43
	79
	59
	22
	98
	30
	13
	37
	51
	45
	6
	31
	21
	39
	28
	19
	10
	75
	31
	33
	83
	119
	115
	29
	59
	45
	128
	26
	21
	75
	56
	66
	83
	134
	1
	63
	115
	69
	71
	112
	7
	73
	42
	9
	83
	47
	91
	9
	65
	6
	49
	38
	9
	57
	55
	95
	79
	95 -> 79 [label="" style=dashed]
	26
	117
	88
	59
	43
	1
	115
	35
	100
	90
	64
	45
	125
	98
	50
	40
	66
	85
	23
	13
	51
	8
	38
	96
	18
	119
	46
	53
	4
	10
	87
	31
	13
	44
	79
	62
	38
	45
	10
	75
	61
	37
	61 -> 37 [label="" style=dashed]
	34
	68
	1
	75
	76
	88
	76 -> 88 [label="" style=dashed]
	115
	45
	62
	90
	56
	46
	69
	107
	56
	86
	81
	86 -> 81 [label="" style=dashed]
	76
	70
	93
	41
	39
	1
	17
	18
	47
	101
	87
	74
	35
	122
	46
	32
	91
	37
	9
	47
	69
	56
	32
	23
	33
	8
	59
	117
	12
	27
	60
	86
	124
	10
	22
	5
	30
	104
	23
	38
	27
	123
	94
	8
	48
	38
	116
	121
	50
	51
	106
	117
	59
	123
	69
	9
	18
	3
	45
	62
	67
	72
	35
	105
	119
	35
	79
	104
	21
	70
	67
	117
	79
	22
	57
	43
	57 -> 43 [label="" style=dashed]
	72
	112
	66
	53
	27
	62
	39
	42
	70
	93
	84
	67
	84 -> 67 [label="" style=dashed]
	65
	22
	106
	2
	79
	63
	18
	63 -> 18 [label="" style=dashed]
	44
	9
	23
	104
	20
	42
	87
	1
	69
	107
	99
	75
	29
	2
	47
	139
	26
	37
	71
	89
	84
	46
	24
	23
	21
	52
	35
	37
	32
	29
	4
	17
	40
	79
	92
	57
	21
	3
	26
	19
	57
	50
	86
	10
	44
	10 -> 44 [label="" style=dashed]
	46
	126
	42
	68
	29
	75
	39
	32
	56
	33
	7
	16
	23
	85
	104
	59
	20
	111
	117
	38
	117 -> 38 [label="" style=dashed]
	35
	43
	74
	115
	20
	62
	71
	32
	94
	98
	87
	19
	16
	37
	86
	18
	84
	45
	122
	1
	33
	90
	81
	88
	100
	39
	1
	10
	29
	130
	56
	68
	1
	128
	24
	35
	38
	68
	47
	61
	96
	30
	46
	53
	37
	104
	123
	65
	98
	63
	100
	109
	98
	71
	21
	112
	32
	123
	23
	63
	4
	1
	83
	100
	60
	124
	27
	99
	69
	59
	85
	167
	47
	35
	20
	35 -> 20 [label="" style=dashed]
	25
	87
	23
	115
	89
	45
	54
	42
	124
	6
	111
	42
	3
	90
	70
	56
	1
	4
	124
	45
	41
	35
	94
	58
	17
	35
	40
	86
	37
	103
	37 -> 103 [label="" style=dashed]
	90
	23
	33
	63
	12
	74
	29
	104
	31
	95
	47
	16
	27
	43
	38
	64
	58
	117
	93
	95
	63
	42
	37
	50
	38
	10
	84
	19
	24
	15
	31
	26
	73
	83
	5
	65
	75
	84
	61
	46
	16
	110
	84
	53
	58
	121
	29
	3
	89
	29
	40
	6
	47
	129
	66
	84
	7
	72
	38
	5
	58
	69
	72
	111
	50
	32
	52
	9
	80
	87
	50
	47
	96
	9
	66
	86
	49
	115
	112
	35
	101
	115
	90
	36
	117
	70
	13
	50
	32
	95
	80
	31
	87
	85
	22
	52
	103
	5
	73
	13
	50
	8
	39
	15
	67
	13
	28
	102
	41
	23
	63
	31
	31
	12
	37
	112
	12
	37
	18
	64
	61
	38
	44
	1
	119
	1
	74
	115
	42
	56
	45
	69
	15
	107
	57
	101
	16
	38
	42
	46
	124
	47
	100
	61
	27
	90
	2
	86
	35
	123
	104
	112
	46
	31
	21
	42
	10
	123
	46
	61
	111
	75
	9
	44
	69
	57
	85
	94
	34
	2
	29
	98
	6
	124
	10
	21
	39
	68
	39 -> 68 [label="" style=dashed]
	38
	26
	123
	95
	38
	117
	13
	69
	13 -> 69 [label="" style=dashed]
	128
	37
	94
	35
	59
	47
	59 -> 47 [label="" style=dashed]
	109
	101
	165
	51
	59
	50
	45
	65
	105
	70
	66
	52
	38
	125
	104
	95
	68
	50
	32
	42
	49
	53
	64
	100
	84
	64
	111
	107
	128
	6
	78
	59
	48
	23
	103
	20
	43
	88
	94
	26
	2
	46
	123
	86
	57
	2
	82
	37
	37
	70
	60
	3
	50
	51
	46
	25
	23
	20
	2
	84
	52
	32
	37
	31
	21
	56
	35
	121
	58
	9
	50
	81
	74
	42
	46
	127
	10
	35
	137
	81
	48
	41
	18
	24
	8
	76
	124
	37
	17
	7
	15
	32
	1
	104
	58
	22
	149
	68
	90
	17
	8
	28
	115
	105
	31
	20
	63
	43
	15
	42
	115
	71
	35
	73
	56
	76
	21
	84
	46
	18
	99
	105
	50
	33
	93
	1
	13
	146
	59
	1
	129
	25
	35
	112
	106
	74
	63
	62
	118
	23
	37
	115
	23
	43
	15
	83
	95
	35
	38
	74
	82
	130
	4
	6
	30
	45
	83
	15
	20
	3
	53
	36
	42
	18
	19
	37
	72
	71
	68
	65
	120
	85
	81
	1
	80
	5
	39
	33
	1
	48
	17
	38
	54
	117
	42
	9
	74
	35
	21
	149
	86
	70
	38
	56
	10
	50
	41
	115
	111
	93
	35
	75
	23
	130
	58
	4
	89
	44
	74
	2
	74 -> 2 [label="" style=dashed]
	45
	89
	66
	32
	54
	28
	94
	59
	37
	100
	9
	92
	90
	22
	45
	87
	11
	58
	30
	35
	47
	17
	27
	42
	124
	121
	93
	94
	44
	125
	44 -> 125 [label="" style=dashed]
	79
	57
	30
	15
	37
	53
	38
	11
	29
	15
	109
	57
	31
	27
	81
	26
	73
	80
	5
	66
	44
	1
	101
	69
	30
	7
	10
	58
	50
	23
	50 -> 23 [label="" style=dashed]
	88
	105
	151
	33
	44
	45
	1
	39
	8
	45
	26
	27
	47
	128
	66
	85
	40
	8
	69
	73
	73
	40
	24
	5
	67
	54
	143
	80
	9
	67
	9
	56
	71
	57
	26
	115
	7
	70
	23
	36
	35
	102
	45
	127
	73
	23
	35
	80
	31
	80
	84
	123
	68
	3
	5
	72
	34
	46
	77
	5
	59
	104
	128
	46
	15
	17
	13
	30
	98
	10
	10
	89
	37
	31
	11
	31 -> 11 [label="" style=dashed]
	38
	43
	1
	118
	1
	73
	115
	43
	56
	44
	56 -> 44 [label="" style=dashed]
	5
	9
	27
	5
	86
	101
	47
	103
	61
	15
	2
	85
	48
	3
	34
	112
	85
	3
	46
	30
	76
	56
	37
	86
	26
	9
	45
	91
	23
	21
	49
	106
	46
	68
	112
	89
	93
	10
	20
	65
	38
	33
	2
	42
	79
	38
	21
	38
	110
	98
	82
	13
	66
	51
	37
	59
	53
	45
	64
	45 -> 64 [label="" style=dashed]
	18
	48
	71
	73
	79
	10
	45
	25
	21
	72
	115
	84
	57
	45
	27
	64
	104
	94
	55
	2
	15
	8
	4
	33
	7
	31
	4
	66
	88
	20
	40
	89
	88
	89
	57
	94
	21
	94
	83
	20
	69
	89
	37
	77
	50
	56
	112
	79
	85
	79 -> 85 [label="" style=dashed]
	37
	30
	79
	90
	57
	88
	21
	57
	106
	1
	115
	94
	115 -> 94 [label="" style=dashed]
	10
	46
	27
	67
	112
	9
	112 -> 9 [label="" style=dashed]
	46
	128
	106
	94
	59
	76
	29
	77
	35
	13
	84
	9
	8
	76
	70
	89
	83
	3
	83
	8
	7
	23
	83
	104
	57
	104 -> 57 [label="" style=dashed]
	46
	93
	68
	93
	9
	19
	46
	83
	74
	117
	6
	78
	71
	34
	67
	37
	16
	35
	84
	47
	77
	46
	48
	81
	1
	12
	25
	35
	117
	59
	112
	65
	22
	41
	1
	73
	83
	77
	23
	42
	42
	37
	15
	80
	30
	44
	30 -> 44 [label="" style=dashed]
	90
	98
	31
	57
	8
	62
	7
	123
	48
	8
	32
	117
	10
	118
	34
	1
	95
	57
	84
	112
	30
	121
	85
	80
	31
	6
	1
	81
	38
	55
	59
	83
	59 -> 83 [label="" style=dashed]
	88
	19
	9
	73
	54
	12
	66
	1
	147
	146
	46
	123
	46
	76
	2
	55
	37
	35
	74
	99
	101
	81
	59
	104
	8
	38
	8
	40
	96
	89
	35
	66
	35
	87
	42
	17
	37
	37
	101
	9
	95
	90
	21
	45
	86
	12
	72
	129
	35
	38
	89
	47
	138
	47
	124
	101
	31
	45
	58
	115
	101
	102
	53
	48
	93
	115
	112
	50
	109
	46
	109 -> 46 [label="" style=dashed]
	37
	52
	38
	12
	32
	39
	56
	100
	109
	50
	31
	24
	161
	15
	4
	49
	78
	23
	60
	33
	10
	59
	50
	22
	75
	86
	61
	40
	44
	46
	1
	38
	26
	24
	46
	119
	66
	86
	16
	40
	98
	58
	105
	22
	107
	10
	27
	54
	64
	3
	32
	50
	9
	86
	87
	56
	47
	94
	9
	68
	71
	56
	23
	37
	35
	103
	78
	1
	90
	69
	45
	126
	35
	81
	18
	79
	40
	65
	11
	38
	38
	103
	38 -> 103 [label="" style=dashed]
	5
	71
	34
	45
	50
	119
	8
	81
	115
	2
	119
	45
	42
	8
	16
	3
	10
	88
	42
	3
	63
	37
	13
	9
	12
	35
	95
	98
	69
	68
	1
	72
	74
	50
	56
	43
	4
	124
	107
	55
	149
	50
	112
	47
	102
	47 -> 102 [label="" style=dashed]
	149
	100
	68
	2
	94
	118
	46
	37
	76
	57
	11
	117
	11 -> 117 [label="" style=dashed]
	86
	27
	77
	149
	9
	42
	60
	83
	2
	10
	53
	86
	21
	48
	21 -> 48 [label="" style=dashed]
	37
	42
	21
	151
	21 -> 151 [label="" style=dashed]
	6
	2
	89
	94
	73
	10
	39
	66
	53
	27
	12
	61
	38
	20
	29
	24
	3
	29
	112
	21
	38
	111
	13
	67
	128
	35
	94
	37
	94 -> 37 [label="" style=dashed]
	39
	90
	39 -> 90 [label="" style=dashed]
	45
	2
	79
	42
	122
	39
	42
	43
	45
	67
	71
	72
	71
	13
	45
	24
	33
	61
	89
	10
	57
	46
	66
	50
	38
	127
	34
	103
	39
	45
	54
	58
	7
	30
	4
	65
	68
	59
	57
	93
	2
	44
	99
	37
	69
	88
	42
	51
	82
	35
	37
	76
	98
	6
	50
	57
	4
	112
	15
	46
	27
	23
	22
	112
	5
	19
	76
	80
	1
	72
	5
	19
	50
	50
	83
	74
	40
	115
	3
	93
	88
	46
	129
	46 -> 129 [label="" style=dashed]
	10
	37
	35
	12
	70
	88
	70
	21
	25
	50
	104
	56
	20
	112
	46
	92
	90
	58
	90 -> 58 [label="" style=dashed]
	68
	92
	149
	22
	18
	13
	121
	43
	13
	71
	37
	54
	119
	4
	74
	86
	15
	94
	2
	105
	52
	86
	5
	86 -> 5 [label="" style=dashed]
	48
	82
	20
	10
	1
	15
	117
	58
	28
	37
	112
	64
	23
	35
	110
	117
	3
	117 -> 3 [label="" style=dashed]
	53
	18
	63
	64
	100
	42
	80
	9
	15
	81
	64
	115
	83
	90
	5
	23
	68
	37
	10
	100
	2
	19
	35
	72
	73
	112
	31
	126
	113 -> 126 [label="" style=dashed]
	115
	18
	1
	86
	69
	86
	73
	39
	38
	99
	48
	93
	48 -> 93 [label="" style=dashed]
	46
	59
	48
	15
	98
	123
	38
	56
	59
	80
	88
	18
	9
	72
	2
	100
	94
	85
	7
	4
	7 -> 4 [label="" style=dashed]
	112
	44
	123
	45
	112
	35
	77
	76
	4
	20
	8
	57
	87
	45
	15
	9
	9
	94
	81
	35
	45
	85
	12
	73
	38
	88
	47
	15
	27
	40
	31
	46
	7
	93
	53
	49
	44
	8
	24
	39
	151
	1
	83
	38
	109
	45
	30
	17
	37
	55
	38
	13
	35
	31
	50
	9
	58
	48
	45
	18
	56
	107
	19
	68
	31
	25
	4
	48
	54
	93
	83
	58
	144
	38
	29
	5
	84
	50
	26
	25
	46
	118
	46
	108
	88
	69
	77
	32
	94
	18
	45
	151
	45 -> 151 [label="" style=dashed]
	120
	73
	32
	51
	6
	98
	67
	56
	71
	1
	47
	95
	9
	69
	9
	50
	59
	68
	7
	72
	103
	30
	23
	34
	35
	104
	50
	44
	90
	68
	35
	82
	85
	27
	38
	102
	49
	35
	8
	80
	106
	124
	15
	11
	67
	1
	13
	32
	84
	40
	50
	1
	45
	114
	40
	38
	42
	6
	18
	69
	38
	41
	1
	71
	115
	41
	69
	18
	115
	128
	1
	46
	93
	45
	63
	7
	47
	105
	27
	93
	35
	126
	77
	60
	46
	36
	76
	54
	101
	40
	37
	16
	46
	64
	60
	80
	15
	48
	52
	90
	37
	43
	112
	24
	86
	2
	89
	95
	73
	13
	38
	23
	41
	115
	112
	20
	38
	112
	94
	30
	101
	54
	79
	43
	42
	40
	13
	60
	45
	66
	32
	89
	44
	38
	71
	12
	66
	9
	45
	27
	17
	68
	38
	126
	39
	46
	151
	20
	79
	7
	7
	43
	27
	7
	60
	13
	104
	31
	7
	33
	118
	1
	82
	21
	151
	2
	57
	4
	2
	43
	51
	34
	65
	2
	85
	48
	42
	50
	23
	15
	37
	75
	50
	54
	89
	130
	36
	9
	19
	75
	115
	109
	112
	3
	50
	82
	50
	38
	38
	98
	93
	89
	13
	93
	42
	64
	43
	50
	59
	74
	82
	98
	80
	21
	35
	11
	56
	83
	56
	37
	70
	20
	65
	69
	23
	81
	20
	115
	46
	95
	90
	59
	106
	4
	85
	67
	46
	81
	34
	21
	43
	10
	4
	5
	4 -> 5 [label="" style=dashed]
	67
	35
	4
	75
	86
	44
	56
	105
	53
	33
	94
	20
	13
	100
	35
	1
	25
	37
	20
	113 -> 20 [label="" style=dashed]
	100
	43
	42
	35
	95
	32
	20
	51
	109
	37
	59
	7
	83
	18
	83 -> 18 [label="" style=dashed]
	7
	5
	42
	5
	105
	115
	65
	94
	65 -> 94 [label="" style=dashed]
	5
	24
	32
	115
	42
	15
	57
	86
	63
	104
	72
	74
	45
	25
	60
	1
	87
	76
	115
	46
	58
	38
	57
	3
	53
	74
	7
	9
	71
	106
	37
	54
	10
	149
	83
	94
	84
	69
	2
	87
	27
	123
	44
	55
	35
	35
	76
	99
	107
	56
	47
	58
	66
	37
	66 -> 37 [label="" style=dashed]
	87
	44
	49
	37
	45
	84
	29
	100
	50
	8
	31
	7
	12
	31
	33
	118
	83
	39
	37
	54
	38
	35
	30
	29
	10
	52
	66
	52 -> 66 [label="" style=dashed]
	45
	19
	13
	6
	19
	17
	5
	61
	5
	60
	31
	83
	59
	50
	20
	61
	42
	104
	35
	46
	109
	94
	19
	24
	3
	24 -> 3 [label="" style=dashed]
	74
	54
	73
	47
	29
	94
	7
	63
	6
	99
	9
	53
	71
	54
	59
	69
	59 -> 69 [label="" style=dashed]
	103
	31
	23
	35
	33
	29
	35
	83
	42
	104
	38
	101
	5
	77
	82
	101
	8
	83
	141
	104
	128
	45
	73
	115
	47
	81
	81
	5
	63
	35
	18
	68
	38
	40
	1
	115
	42
	29
	110
	107
	1
	70
	128
	20
	99
	111
	117
	4
	17
	3
	1
	47
	93
	46
	17
	13
	47
	104
	67
	68
	124
	50
	46
	35
	76
	55
	37
	11
	69
	53
	85
	90
	37
	40
	75
	18
	7
	6
	50
	78
	1
	28
	74
	9
	152
	26
	73
	12
	38
	22
	45
	116
	38
	98
	87
	13
	65
	101
	55
	37
	95
	86
	23
	112
	8
	112 -> 8 [label="" style=dashed]
	69
	1
	3
	1
	3 -> 1 [label="" style=dashed]
	18
	45
	44
	112
	44 -> 112 [label="" style=dashed]
	71
	11
	27
	102
	45
	26
	83
	2
	21
	75
	17
	69
	60
	100
	20
	128
	20 -> 128 [label="" style=dashed]
	63
	57
	72
	117
	7
	9
	27
	69
	70
	98
	54
	56
	151
	21
	49
	105
	49 -> 105 [label="" style=dashed]
	84
	68
	17
	10
	1
	15
	1
	15 -> 1 [label="" style=dashed]
	104
	30
	7
	32
	7 -> 32 [label="" style=dashed]
	21
	34
	62
	18
	85
	2
	42
	99
	35
	21
	18
	42
	53
	37
	74
	37 -> 74 [label="" style=dashed]
	46
	21
	23
	24
	79
	95
	79 -> 95 [label="" style=dashed]
	115
	99
	50
	39
	10
	43
	10 -> 43 [label="" style=dashed]
	95
	43
	42
	65
	81
	62
	80
	26
	35
	10
	47
	75
	93
	29
	70
	23
	65
	68
	23
	80
	46
	94
	90
	56
	68
	94
	24
	90
	85
	66
	67
	32
	85
	37
	111
	63
	4
	76
	104
	9
	43
	22
	77
	45
	37
	5
	123
	69
	123
	50
	1
	91
	1
	17
	25
	38
	13
	106
	21
	84
	88
	23
	47
	99
	48
	10
	68
	95
	31
	20
	50
	43
	95
	31
	54
	64
	42
	73
	9
	65
	95
	5
	25
	32
	112
	42
	83
	29
	77
	8
	38
	4
	86
	68
	124
	1
	84
	72
	85
	4
	58
	38
	50
	3
	52
	3 -> 52 [label="" style=dashed]
	86
	100
	149
	72
	69
	54
	11
	2
	106
	94
	87
	35
	130
	110
	35
	71
	48
	124
	73
	54
	55
	47
	59
	47
	70
	88
	70
	86
	42
	17
	38
	25
	9
	22
	2
	12
	71
	30
	39
	35
	62
	93
	19
	58
	118
	93
	90
	13
	2
	110
	1
	37
	57
	30
	8
	38
	15
	35
	33
	94
	104
	53
	122
	49
	98
	23
	112
	66
	69
	83
	56
	50
	27
	38
	151
	88
	101
	16
	115
	119
	29
	16
	45
	37
	119
	104
	10
	88
	115
	29
	95
	9
	85
	46
	8
	32
	11
	71
	53
	95
	73
	23
	32
	35
	106
	35
	84
	24
	83
	48
	44
	40
	68
	44
	68
	85
	29
	38
	100
	105
	10
	106
	58
	101
	130
	16
	1
	15
	13
	121
	35
	47
	80
	77
	56
	50
	6
	41
	26
	90
	38
	10
	73
	76
	45
	74
	53
	9
	39
	4
	121
	44
	1
	44
	68
	38
	68 -> 38 [label="" style=dashed]
	93
	47
	47
	107
	44
	47
	35
	124
	77
	62
	46
	34
	37
	10
	25
	103
	69
	50
	2
	13
	42
	95
	37
	41
	37
	86
	53
	1
	29
	27
	63
	45
	117
	112
	104
	67
	31
	35
	58
	13
	62
	94
	32
	58
	23
	7
	3
	5
	18
	101
	56
	37
	94
	109
	104
	42
	46
	65
	7
	18
	44
	98
	63
	11
	33
	27
	101
	67
	74
	105
	75
	45
	21
	21
	76
	63
	50
	71
	45
	3
	84
	27
	68
	34
	50
	151
	22
	119
	50
	84
	69
	77
	7
	35
	21
	35
	21 -> 35 [label="" style=dashed]
	104
	63
	107
	1
	84
	124
	4
	29
	34
	75
	23
	21
	90
	42
	52
	27
	38
	3
	8
	112
	10
	46
	22
	11
	63
	73
	46
	79
	94
	115
	98
	45
	49
	10
	42
	10 -> 42 [label="" style=dashed]
	42
	66
	43
	56
	18
	27
	80
	27
	35
	17
	35 -> 17 [label="" style=dashed]
	56
	81
	56
	35
	70
	22
	55
	115
	41
	60
	93
	6
	46
	56
	5
	48
	56
	56
	54
	46
	87
	34
	23
	71
	38
	61
	23
	9
	25
	3
	136
	89
	56
	77
	42
	48
	85
	48 -> 85 [label="" style=dashed]
	33
	96
	37
	3
	1
	90
	100
	37
	1
	16
	51
	50
	67
	7
	29
	86
	100
	45
	100 -> 45 [label="" style=dashed]
	83
	73
	84
	89
	23
	46
	23 -> 46 [label="" style=dashed]
	51
	46
	95
	30
	95 -> 30 [label="" style=dashed]
	82
	58
	20
	53
	109
	35
	10
	2
	100
	115
	8
	66
	64
	43
	65
	92
	13
	38
	32
	83
	28
	83 -> 28 [label="" style=dashed]
	96
	50
	95
	10
	86
	69
	125
	25
	66
	1
	85
	48
	90
	38
	51
	3
	51
	88
	15
	162
	57
	106
	35
	33
	106
	72
	68
	110
	63
	94
	86
	104
	80
	35
	46
	18
	66
	19
	115
	35
	35
	70
	78
	45
	43
	40
	73
	65
	54
	47
	56
	23
	94
	66
	39
	87
	46
	65
	104
	37
	136
	26
	77
	5
	42
	29
	102
	29 -> 102 [label="" style=dashed]
	35
	63
	47
	18
	93
	18
	77
	90
	58
	18
	7
	90
	53
	44
	68
	27
	37
	56
	58
	71
	38
	16
	35
	32
	19
	21
	94
	107
	94 -> 107 [label="" style=dashed]
	56
	104
	56 -> 104 [label="" style=dashed]
	54
	96
	23
	60
	37
	50
	26
	75
	82
	22
	90
	81
	101
	45
	134
	16
	44
	37
	118
	70
	72
	36
	77
	37
	27
	50
	73
	45
	71
	3
	71 -> 3 [label="" style=dashed]
	22
	58
	67
	59
	93
	101
	7
	100
	7 -> 100 [label="" style=dashed]
	23
	33
	35
	107
	50
	87
	160
	35
	85
	24
	80
	48
	45
	40
	69
	44
	69
	44 -> 69 [label="" style=dashed]
	101
	76
	101 -> 76 [label="" style=dashed]
	10
	18
	103
	52
	30
	5
	15
	12
	22
	1
	22 -> 1 [label="" style=dashed]
	77
	51
	11
	15
	90
	39
	159
	81
	76
	44
	9
	38
	45
	86
	88
	1
	45
	47
	47
	106
	7
	2
	46
	2
	35
	125
	115
	68
	76
	53
	38
	66
	37
	13
	71
	69
	104
	7
	42
	94
	37
	46
	88
	68
	20
	98
	50
	24
	44
	24 -> 44 [label="" style=dashed]
	86
	123
	73
	1
	65
	35
	39
	62
	12
	65
	8
	41
	45
	115
	35
	57
	94
	33
	58
	22
	18
	1
	77
	115
	37
	47
	3
	51
	32
	51 -> 32 [label="" style=dashed]
	59
	56
	35
	28
	24
	29
	18
	47
	46
	130
	44
	35
	11
	32
	67
	75
	112
	115
	63
	51
	71
	46
	72
	115
	3
	85
	110
	42
	34
	51
	1
	66
	151
	23
	29
	63
	15
	76
	7
	34
	59
	42
	104
	60
	47
	63
	20
	45
	112
	123
	68
	55
	29
	35
	68
	77
	75
	20
	2
	40
	42
	55
	27
	39
	76
	18
	23
	10
	74
	98
	57
	69
	46
	23
	10
	4
	157
	80
	23
	26
	23 -> 26 [label="" style=dashed]
	71
	63
	85
	47
	85 -> 47 [label="" style=dashed]
	67
	69
	45
	48
	93
	84
	94
	69
	42
	67
	82
	151
	93
	2
	59
	79
	18
	26
	57
	1
	35
	16
	47
	77
	13
	71
	84
	1
	104
	74
	81
	13
	104
	46
	96
	12
	96
	68
	10
	80
	2
	48
	55
	56
	55
	46
	84
	67
	30
	85
	35
	62
	35
	87
	10
	9
	26
	6
	10
	151
	79
	89
	57
	129
	47
	18
	93
	48
	86
	1
	93
	45
	78
	45 -> 78 [label="" style=dashed]
	56
	61
	51
	53
	10
	6
	18
	38
	18 -> 38 [label="" style=dashed]
	100
	46
	29
	54
	23
	45
	98
	115
	42
	86
	42
	32
	19
	9
	20
	52
	90
	151
	8
	13
	50
	18
	83
	94
	5
	27
	10
	115
	96
	1
	53
	81
	57
	81
	72
	77
	1
	53
	64
	15
	9
	5
	27
	3
	38
	52
	3
	50
	3 -> 50 [label="" style=dashed]
	86
	115
	88
	75
	19
	54
	17
	2
	104
	87
	24
	50
	40
	66
	18
	65
	17
	35
	73
	66
	8
	101
	82
	68
	80
	111
	45
	53
	47
	57
	3
	99
	6
	18
	45
	88
	66
	38
	88
	9
	84
	44
	81
	39
	37
	135
	37 -> 135 [label="" style=dashed]
	89
	79
	84
	100
	35
	60
	47
	19
	96
	121
	53
	45
	30
	67
	37
	59
	38
	17
	94
	106
	151
	90
	31
	29
	19
	18
	83
	54
	83 -> 54 [label="" style=dashed]
	50
	25
	151
	35
	40
	4
	8
	44
	43
	87
	71
	72
	37
	94
	94 -> 14 [label="" style=dashed]
	69
	79
	69 -> 79 [label="" style=dashed]
	62
	26
	29
	93
	29 -> 93 [label="" style=dashed]
	93
	102
	69
	115
	18
	20
	63
	98
	103
	34
	23
	30
	18
	109
	94
	35
	86
	35 -> 86 [label="" style=dashed]
	24
	81
	57
	16
	68
	48
	117
	83
	10
	19
	38
	106
	5
	74
	121
	61
	8
	30
	8
	84
	86
	47
	121
	37
	56
	75
	72
	12
	72 -> 12 [label="" style=dashed]
	77
	50
	36
	12
	25
	59
	67
	1
	116
	164
	18
	76
	47
	128
	23
	23
	128
	62
	98
	46
	82
	6
	118
	58
	86
	89
	1
	42
	2
	76
	115
	69
	76
	50
	37
	12
	37
	47
	115
	105
	58
	1
	35
	89
	24
	45
	68
	7
	73
	42
	73
	53
	20
	53 -> 20 [label="" style=dashed]
	40
	101
	8
	40
	45
	9
	35
	56
	121
	58
	79
	62
	58
	21
	101
	50
	37
	96
	89
	69
	42
	44
	47
	5
	12
	11
	18
	46
	11
	31
	111
	20
	45
	23
	43
	6
	160
	84
	3
	86
	123
	7
	110
	45
	77
	72
	34
	52
	69
	6
	39
	3
	12
	71
	7
	37
	21
	37
	62
	15
	59
	43
	39
	29
	47
	62
	1
	61
	29
	36
	68
	76
	75
	21
	79
	89
	42
	54
	76
	19
	50
	58
	25
	149
	19
	89
	24
	32
	115
	9
	11
	65
	17
	48
	1
	54
	57
	29
	86
	57
	27
	66
	121
	106
	95
	46
	47
	118
	94
	68
	42
	60
	43
	54
	69
	27
	69 -> 27 [label="" style=dashed]
	67
	15
	80
	25
	35
	15
	56
	87
	13
	70
	33
	71
	106
	107
	35
	68
	13
	13
	46
	85
	110
	23
	34
	13
	34 -> 13 [label="" style=dashed]
	9
	27
	129
	46
	18
	90
	72
	77
	13
	112
	63
	1
	120
	95
	112
	100
	47
	30
	100
	98
	112
	42
	87
	42
	31
	53
	66
	53 -> 66 [label="" style=dashed]
	47
	149
	43
	90
	66
	115
	50
	19
	65
	90
	5
	28
	2
	63
	10
	112
	57
	82
	75
	64
	100
	68
	100 -> 68 [label="" style=dashed]
	72
	86
	24
	51
	74
	58
	38
	53
	106
	33
	33
	104
	54
	62
	54
	94
	80
	17
	74
	17 -> 74 [label="" style=dashed]
	86
	9
	94
	40
	65
	35
	72
	88
	5
	38
	149
	43
	42
	46
	9
	101
	81
	68
	81
	52
	47
	54
	88
	75
	60
	62
	21
	29
	86
	17
	37
	134
	84
	101
	35
	61
	38
	83
	53
	46
	5
	112
	5 -> 112 [label="" style=dashed]
	68
	21
	30
	66
	37
	58
	100
	21
	38
	18
	35
	34
	19
	23
	71
	4
	83
	45
	151
	93
	73
	72
	26
	66
	23
	115
	60
	35
	112
	47
	106
	40
	77
	83
	52
	5
	29
	90
	76
	66
	84
	2
	1
	2
	48
	115
	95
	70
	7
	80
	103
	35
	23
	31
	18
	108
	18 -> 108 [label="" style=dashed]
	35
	87
	48
	47
	42
	100
	98
	45
	37
	128
	38
	105
	109
	6
	13
	58
	106
	121
	50
	68
	103
	50
	56
	72
	77
	53
	13
	84
	69
	1
	111
	117
	26
	47
	71
	95
	4
	16
	1
	43
	6
	109
	95
	56
	67
	64
	94
	112
	124
	54
	46
	69
	42
	96
	37
	44
	8
	104
	56
	75
	68
	24
	42
	1
	24
	103
	26
	65
	37
	42
	72
	90
	74
	45
	112
	22
	68
	35
	55
	13
	61
	80
	7
	83
	149
	37
	91
	42
	45
	72
	3
	13
	40
	115
	96
	105
	88
	18
	41
	79
	67
	44
	37
	1
	7
	33
	130
	35
	151
	111
	21
	90
	4
	45
	22
	45
	81
	60
	104
	11
	74
	11 -> 74 [label="" style=dashed]
	71
	40
	56
	90
	71
	151
	100
	9
	30
	83
	49
	101
	48
	99
	13
	47
	38
	47 -> 38 [label="" style=dashed]
	70
	62
	59
	40
	104
	66
	47
	61
	1
	62
	29
	37
	95
	42
	68
	75
	109
	5
	115
	79
	50
	59
	112
	13
	24
	31
	37
	39
	68
	62
	19
	70
	21
	98
	95
	47
	93
	86
	47
	119
	94
	67
	42
	61
	58
	50
	69
	26
	81
	66
	18
	24
	35
	56
	86
	56
	38
	70
	27
	32
	81
	15
	112
	23
	90
	52
	149
	25
	48
	53
	48 -> 53 [label="" style=dashed]
	12
	56
	57
	47
	74
	34
	83
	27
	25
	34
	24
	86
	72
	63
	83
	37
	87
	86
	13
	12
	88
	18
	91
	99
	18
	1
	95
	1
	151
	100
	30
	69
	38
	112
	62
	1
	121
	95
	115
	128
	1
	29
	81
	42
	84
	51
	45
	8
	27
	90
	93
	50
	16
	59
	9
	5
	29
	44
	84
	42
	10
	62
	8
	90
	1
	154
	68
	105
	7
	1
	88
	100
	69
	73
	38
	54
	39
	48
	95
	40
	3
	46
	57
	55
	48
	3
	56
	86
	117
	142
	86
	88
	12
	35
	29
	121
	4
	54
	61
	54
	15
	94
	83
	28
	29
	47
	4
	65
	15
	99
	108
	43
	45
	68
	86
	51
	20
	149
	93
	4
	62
	3
	5
	37
	3
	35
	56
	12
	36
	1
	37
	108
	37
	35
	66
	38
	82
	33
	11
	7
	95
	53
	47
	5
	115
	112
	57
	5
	4
	68
	22
	58
	74
	58 -> 74 [label="" style=dashed]
	38
	19
	35
	37
	32
	30
	65
	1
	94
	100
	44
	43
	3
	7
	73
	71
	83
	52
	9
	7
	4
	23
	46
	102
	5
	33
	5 -> 33 [label="" style=dashed]
	43
	81
	73
	72
	31
	77
	80
	104
	3
	4
	27
	53
	50
	126
	76
	65
	80
	56
	94
	43
	52
	3
	104
	117
	69
	7
	103
	7
	81
	103
	36
	85
	70
	50
	47
	18
	89
	105
	24
	95
	89
	48
	40
	101
	75
	37
	129
	38
	104
	8
	32
	40
	48
	47
	84
	47
	39
	68
	81
	29
	1
	110
	48
	29
	28
	60
	40
	1
	57
	71
	94
	4
	17
	1
	40
	68
	4
	95
	59
	2
	74
	35
	128
	77
	66
	76
	3
	2
	17
	81
	18
	42
	91
	37
	45
	109
	10
	65
	40
	20
	95
	75
	69
	64
	91
	1
	25
	48
	68
	38
	1
	42
	71
	104
	29
	104 -> 29 [label="" style=dashed]
	158
	64
	38
	29
	90
	75
	47
	27
	3
	20
	112
	26
	84
	115
	45
	4
	35
	54
	37
	90
	9
	100
	13
	41
	33
	48
	33 -> 48 [label="" style=dashed]
	18
	40
	44
	115
	44
	36
	71
	11
	37
	36
	29
	26
	18
	86
	48
	66
	59
	21
	112
	54
	53
	28
	8
	46
	49
	46 -> 49 [label="" style=dashed]
	104
	2
	10
	77
	17
	40
	121
	47
	60
	47 -> 60 [label="" style=dashed]
	80
	1
	63
	29
	30
	68
	74
	75
	27
	59
	87
	151
	85
	42
	69
	81
	23
	13
	51
	40
	2
	58
	24
	30
	24
	115
	52
	20
	38
	76
	87
	1
	71
	84
	1
	56
	117
	40
	115
	5
	117
	80
	95
	44
	42
	62
	18
	23
	23
	73
	56
	85
	56
	39
	35
	107
	37
	71
	15
	68
	15
	124
	75
	11
	56
	50
	27
	24
	6
	70
	63
	82
	37
	84
	27
	115
	6
	13
	18
	96
	75
	4
	48
	89
	48 -> 89 [label="" style=dashed]
	45
	54
	1
	94
	1
	122
	1 -> 122 [label="" style=dashed]
	38
	35
	119
	25
	80
	29
	80
	42
	85
	10
	63
	112
	42
	20
	57
	81
	3
	8
	16
	50
	17
	2
	65
	44
	85
	9
	3
	96
	54
	150
	36
	86
	65
	112
	38
	1
	89
	55
	1
	30
	29
	72
	80
	43
	29
	48
	94
	46
	56
	117
	106
	3
	55
	123
	10
	76
	35
	17
	76
	35
	6
	64
	64 -> 113 [label="" style=dashed]
	8
	115
	65
	12
	43
	44
	72
	40
	29
	82
	50
	47
	52
	23
	90
	67
	9
	67 -> 9 [label="" style=dashed]
	34
	98
	5
	36
	80
	67
	19
	4
	19 -> 4 [label="" style=dashed]
	37
	109
	90
	29
	37
	132
	72
	21
	71
	118
	35
	67
	35 -> 67 [label="" style=dashed]
	38
	81
	77
	33
	10
	7
	94
	53
	40
	77
	38
	47
	49
	50
	7
	112
	58
	68
	23
	35
	36
	32
	31
	5
	12
	56
	115
	120
	45
	120 -> 45 [label="" style=dashed]
	4
	41
	26
	64
	66
	62
	20
	83
	80
	15
	2
	25
	15
	7
	15 -> 7 [label="" style=dashed]
	104
	34
	35
	7
	46
	103
	63
	118
	55
	10
	55 -> 10 [label="" style=dashed]
	82
	48
	43
	80
	74
	77
	81
	5
	52
	50
	125
	22
	91
	84
	93
	63
	74
	94
	42
	66
	44
	7
	104
	41
	42
	103
	37
	31
	3
	18
	88
	68
	47
	12
	45
	20
	102
	8
	33
	40
	49
	40 -> 49 [label="" style=dashed]
	56
	70
	56 -> 70 [label="" style=dashed]
	31
	18
	31
	5
	13
	86
	68
	8
	1
	115
	151
	76
	40
	76 -> 40 [label="" style=dashed]
	117
	24
	41
	4
	4 -> 14 [label="" style=dashed]
	1
	41
	1 -> 41 [label="" style=dashed]
	29
	88
	123
	79
	95
	58
	95 -> 58 [label="" style=dashed]
	17
	15
	2
	75
	111
	37
	80
	112
	35
	129
	115
	55
	77
	67
	101
	49
	115
	82
	2
	18
	151
	82
	42
	90
	22
	104
	20
	94
	54
	14 -> 54 [label="" style=dashed]
	64
	90
	30
	54
	1
	26
	109
	21
	103
	24
	42
	70
	38
	28
	90
	76
	95
	1
	47
	26
	29
	119
	38
	119
	35
	53
	35 -> 53 [label="" style=dashed]
	38
	129
	56
	29
	110
	93
	101
	53
	37
	93
	100
	84
	12
	24
	25
	18
	43
	57
	76
	10
	93
	37
	69
	33
	31
	111
	23
	7
	89
	18
	71
	42
	37
	28
	3
	81
	110
	46
	110 -> 46 [label="" style=dashed]
	4
	89
	4 -> 89 [label="" style=dashed]
	54
	50
	20
	6
	11
	72
	7
	38
	64
	9
	47
	67
	23
	109
	1
	64
	29
	31
	52
	42
	8
	9
	69
	80
	42
	59
	115
	77
	85
	2
	59
	24
	37
	52
	23
	38
	77
	115
	130
	68
	64
	30
	115
	67
	86
	91
	50
	51
	60
	95
	45
	94
	65
	42
	63
	23
	70
	46
	115
	47
	73
	13
	75
	104
	70
	100
	68
	90
	50
	29
	8
	10
	86
	70
	37
	85
	115
	80
	6
	8
	62
	31
	40
	75
	54
	32
	33
	58
	20
	18
	45
	55
	100
	32
	77
	24
	56
	65
	1
	123
	35
	118
	29
	83
	80
	38
	48
	4
	42
	82
	8
	25
	82
	57
	101
	122
	98
	79
	8
	69
	44
	86
	58
	59
	45
	119
	109
	93
	86
	66
	112
	39
	42
	22
	115
	10
	70
	4
	46
	77
	72
	83
	72 -> 83 [label="" style=dashed]
	4
	52
	46
	51
	46 -> 51 [label="" style=dashed]
	21
	89
	88
	10
	54
	67
	35
	136
	13
	68
	35
	8
	65
	13
	87
	6
	107
	8
	101
	86
	68
	84
	47
	53
	47
	71
	88
	76
	13
	73
	15
	77
	69
	7
	49
	70
	3
	37
	56
	37
	131
	71
	117
	5
	47
	29
	109
	35
	64
	38
	80
	79
	47
	101
	109
	53
	41
	5
	117
	47
	48
	112
	59
	83
	30
	83 -> 30 [label="" style=dashed]
	58
	40
	45
	10
	53
	124
	83
	46
	151
	94
	4
	40
	41
	8
	115
	33
	83
	50
	80
	2
	70
	2
	115
	87
	94
	60
	60 -> 113 [label="" style=dashed]
	46
	100
	46 -> 100 [label="" style=dashed]
	80
	31
	66
	26
	68
	82
	49
	77
	86
	94
	10
	50
	124
	63
	75
	82
	115
	94
	45
	66
	45
	7
	57
	7
	105
	7
	83
	105
	26
	15
	39
	68
	44
	98
	46
	64
	65
	53
	3
	115
	81
	47
	86
	1
	112
	48
	27
	42
	20
	115
	149
	115
	49
	23
	151
	42
	81
	8
	118
	45
	4
	15
	17
	2
	72
	2
	94
	2 -> 94 [label="" style=dashed]
	101
	48
	71
	62
	115
	83
	42
	93
	22
	105
	21
	43
	12
	117
	65
	42
	1
	27
	38
	122
	103
	23
	42
	77
	90
	77
	25
	12
	47
	25
	94
	123
	115
	7
	35
	52
	94
	38
	151
	7
	37
	92
	13
	43
	33
	46
	12
	15
	24
	26
	18
	42
	57
	79
	44
	30
	11
	35
	33
	30
	65
	112
	119
	39
	56
	9
	70
	1
	40
	13
	89
	19
	11
	71
	37
	29
	56
	93
	4
	88
	35
	99
	46
	47
	21
	33
	7
	67
	104
	65
	47
	66
	47 -> 66 [label="" style=dashed]
	1
	65
	108
	82
	68
	72
	82
	89
	27
	56
	42
	58
	42 -> 58 [label="" style=dashed]
	27
	32
	115
	76
	70
	7
	24
	117
	15
	66
	1
	50
	84
	99
	67
	85
	45
	32
	58
	83
	38
	90
	38 -> 90 [label="" style=dashed]
	93
	81
	43
	58
	18
	21
	80
	29
	35
	19
	13
	74
	9
	84
	104
	73
	72
	104
	72 -> 104 [label="" style=dashed]
	103
	95
	29
	17
	2
	68
	17
	23
	50
	48
	50
	17
	104
	48
	27
	26
	34
	29
	86
	77
	86 -> 77 [label="" style=dashed]
	63
	80
	37
	82
	27
	117
	55
	101
	84
	149
	72
	18
	40
	74
	18
	94
	68
	9
	7
	49
	45
	56
	1
	96
	1
	124
	83
	79
	30
	104
	3
	68
	23
	48
	8
	24
	31
	35
	109
	70
	82
	56
	123
	104
	106
	50
	69
	50
	15
	112
	94
	64
	45
	109
	82
	13
	7
	2
	67
	44
	87
	96
	56
	112
	43
	109
	94
	86
	67
	115
	13
	85
	9
	47
	9
	4
	53
	70
	2
	82
	63
	46
	50
	39
	119
	21
	88
	55
	47
	76
	37
	54
	66
	2
	6
	65
	123
	66
	13
	65
	10
	30
	94
	43
	46
	68
	85
	47
	50
	9
	8
	60
	66
	80
	65
	56
	15
	47
	83
	37
	130
	72
	27
	20
	7
	35
	65
	38
	87
	45
	103
	33
	12
	48
	33
	58
	98
	53
	42
	80
	79
	118
	46
	37
	8
	58
	43
	58 -> 43 [label="" style=dashed]
	45
	11
	92
	56
	117
	79
	83
	5
	69
	26
	62
	115
	32
	49
	29
	66
	60
	20
	81
	75
	88
	87
	95
	94
	57
	61
	56
	4
	20
	45
	135
	46
	101
	62
	79
	66
	27
	69
	43
	82
	43 -> 82 [label="" style=dashed]
	77
	39
	77 -> 39 [label="" style=dashed]
	5
	54
	50
	123
	45
	111
	8
	7
	12
	5
	94
	44
	56
	76
	56 -> 76 [label="" style=dashed]
	41
	40
	7
	84
	48
	79
	31
	72
	68
	45
	30
	1
	37
	124
	25
	71
	64
	66
	109
	1
	100
	43
	37
	8
	35
	50
	4
	63
	104
	151
	11
	38
	39
	42
	21
	88
	130
	88 -> 130 [label="" style=dashed]
	3
	105
	39
	81
	23
	7
	9
	32
	88
	29
	43
	47
	110
	115
	57
	51
	7
	24
	1
	124
	48
	151
	80
	44
	16
	17
	86
	2
	93
	37
	48
	65
	45
	75
	10
	50
	70
	1
	20
	90
	88
	109
	23
	42
	76
	115
	8
	90
	70
	40
	106
	47
	24
	77
	1
	3
	27
	6
	57
	7
	1
	35
	51
	59
	45
	13
	44
	24
	27
	69
	19
	32
	80
	33
	37
	63
	63 -> 133 [label="" style=dashed]
	40
	12
	26
	15
	41
	50
	3
	83
	56
	94
	26
	9
	35
	98
	75
	7
	46
	44
	58
	65
	58 -> 65 [label="" style=dashed]
	40
	124
	59
	44
	39
	22
	47
	65
	68
	53
	29
	33
	52
	40
	121
	16
	4
	106
	115
	75
	19
	82
	46
	29
	24
	35
	38
	75
	68
	66
	45
	33
	34
	115
	4
	101
	58
	82
	51
	62
	5
	109
	106
	16
	38
	91
	93
	82
	34
	7
	43
	59
	82
	93
	83
	5
	15
	32
	35
	18
	13
	77
	104
	72
	20
	75
	36
	149
	11
	5
	23
	51
	87
	112
	16
	95
	123
	31
	66
	31 -> 66 [label="" style=dashed]
	86
	76
	86 -> 76 [label="" style=dashed]
	63
	87
	37
	83
	34
	18
	62
	33
	47
	55
	47 -> 55 [label="" style=dashed]
	82
	1
	18
	95
	45
	57
	1
	99
	45
	79
	22
	10
	56
	67
	106
	5
	1
	125
	1 -> 125 [label="" style=dashed]
	74
	65
	45
	1
	84
	80
	70
	105
	3
	69
	13
	3
	42
	80
	8
	23
	130
	101
	124
	8
	15
	112
	95
	44
	80
	1
	37
	1
	52
	57
	108
	46
	75
	4
	50
	46
	53
	89
	22
	67
	83
	80
	66
	46
	110
	104
	87
	104 -> 87 [label="" style=dashed]
	50
	43
	50 -> 43 [label="" style=dashed]
	24
	46
	65
	11
	35
	79
	30
	95
	4
	71
	43
	49
	101
	84
	47
	51
	23
	93
	68
	166
	68 -> 166 [label="" style=dashed]
	49
	76
	80
	62
	29
	48
	22
	33
	71
	115
	5
	45
	38
	86
	115
	129
	33
	15
	99
	21
	51
	18
	83
	32
	32
	34
	82
	22
	45
	12
	38
	92
	37
	6
	145
	68
	115
	31
	39
	5
	75
	89
	4
	27
	156
	84
	136
	46
	106
	47
	2
	47 -> 2 [label="" style=dashed]
	66
	24
	37
	111
	106
	45
	104
	18
	58
	2
	50
	122
	61
	83
	84
	90
	94
	47
	7
	55
	7
	107
	35
	59
	7
	85
	48
	78
	48 -> 78 [label="" style=dashed]
	31
	75
	15
	37
	29
	122
	57
	10
	68
	42
	37
	125
	25
	72
	64
	67
	101
	53
	8
	84
	7
	6
	45
	6 -> 45 [label="" style=dashed]
	105
	49
	87
	104
	90
	48
	63
	151
	47
	130
	13
	81
	62
	22
	59
	38
	56
	48
	27
	8
	35
	2
	4
	13
	4 -> 13 [label="" style=dashed]
	42
	41
	48
	101
	87
	83
	11
	25
	115
	56
	81
	4
	58
	5
	20
	38
	58
	73
	44
	15
	46
	6
	21
	45
	37
	49
	65
	44
	47
	8
	98
	62
	1
	21
	81
	47
	47
	23
	3
	24
	35
	50
	16
	7
	9
	104
	13
	45
	13 -> 45 [label="" style=dashed]
	32
	83
	44
	32
	101
	93
	37
	64
	89
	1
	93
	7
	17
	66
	56
	95
	48
	1
	94
	79
	46
	45
	7
	65
	39
	23
	2
	123
	47
	64
	1
	67
	68
	70
	52
	47
	59
	10
	85
	46
	69
	85
	27
	30
	76
	13
	49
	84
	115
	74
	53
	39
	80
	42
	24
	34
	10
	100
	77
	15
	38
	72
	68
	67
	75
	124
	115
	28
	115 -> 28 [label="" style=dashed]
	49
	4
	45
	30
	53
	59
	92
	37
	51
	63
	5
	106
	106
	11
	5
	88
	95
	48
	69
	21
	107
	45
	23
	77
	56
	89
	13
	76
	39
	7
	29
	55
	4
	123
	37
	68
	19
	23
	52
	50
	76
	55
	57
	15
	85
	69
	86
	75
	37
	80
	35
	9
	55
	107
	55 -> 107 [label="" style=dashed]
	59
	26
	17
	115
	86
	3
	40
	76
	22
	45
	50
	1
	98
	24
	7
	66
	91
	69
	41
	56
	66
	56 -> 66 [label="" style=dashed]
	1
	126
	8
	4
	45
	108
	84
	81
	70
	104
	3
	66
	3
	40
	112
	46
	53
	68
	82
	50
	90
	94
	98
	74
	50
	13
	59
	1
	2
	69
	44
	81
	63
	27
	74
	112
	79
	93
	35
	75
	90
	115
	15
	57
	109
	66
	77
	30
	25
	38
	134
	54
	88
	80
	8
	163
	23
	74
	59
	74 -> 59 [label="" style=dashed]
	55
	45
	120
	29
	86
	37
	60
	117
	23
	4
	35
	78
	122
	53
	25
	5
	5
	32
	80
	63
	56
	17
	44
	22
	84
	107
	38
	85
	45
	101
	7
	98
	47
	45
	83
	33
	101
	18
	120
	37
	25
	27
	32
	35
	5
	7
	58
	45
	45
	13
	121
	96
	73
	74
	4
	45
	55
	81
	99
	3
	26
	60
	115
	30
	25
	8
	87
	70
	4
	117
	61
	54
	54
	5
	16
	8
	22
	6
	66
	25
	37
	110
	31
	71
	24
	103
	24
	87
	128
	115
	5
	56
	50
	121
	63
	70
	94
	46
	66
	40
	41
	46
	74
	31
	74 -> 31 [label="" style=dashed]
	25
	45
	85
	75
	31
	74
	15
	36
	98
	43
	1
	102
	37
	126
	64
	60
	102
	8
	1
	8
	37
	40
	45
	108
	50
	13
	82
	81
	24
	42
	23
	3
	107
	59
	37
	39
	83
	107
	94
	4
	10
	35
	4
	89
	37
	89 -> 37 [label="" style=dashed]
	26
	86
	71
	61
	115
	86
	20
	37
	44
	21
	44
	83
	63
	65
	47
	50
	72
	30
	50
	1
	22
	92
	74
	42
	74
	90
	72
	25
	11
	84
	75
	47
	22
	3
	25
	18
	13
	67
	5
	56
	73
	100
	80
	33
	45
	65
	9
	37
	65
	33
	35
	45
	80
	63
	3
	56
	96
	80
	95
	30
	82
	69
	101
	9
	13
	46
	42
	13
	85
	46
	52
	87
	34
	77
	117
	70
	69
	4
	69
	51
	35
	84
	30
	118
	10
	52
	46
	59
	13
	85
	45
	69
	84
	27
	31
	74
	90
	115
	73
	31
	67
	80
	43
	2
	55
	45
	76
	19
	66
	38
	73
	38 -> 73 [label="" style=dashed]
	1
	9
	115
	29
	45
	31
	96
	88
	106
	10
	38
	93
	32
	5
	3
	9
	13
	112
	124
	37
	56
	88
	70
	36
	38
	121
	8
	69
	124
	67
	42
	46
	1
	68
	18
	55
	56
	56
	82
	85
	68
	26
	35
	91
	44
	38
	61
	91
	62
	37
	81
	27
	112
	67
	38
	98
	93
	6
	3
	151
	71
	33
	54
	45
	51
	66
	90
	35
	18
	115
	84
	82
	3
	67
	3
	41
	112
	45
	53
	69
	10
	56
	90
	95
	98
	75
	50
	10
	93
	53
	2
	68
	35
	149
	84
	3
	31
	37
	115
	66
	76
	46
	73
	30
	24
	73
	37
	4
	56
	82
	66
	77
	29
	21
	85
	63
	2
	55
	42
	94
	89
	95
	6
	66
	100
	21
	69
	21 -> 69 [label="" style=dashed]
	81
	76
	86
	36
	45
	129
	55
	21
	32
	13
	23
	2
	39
	8
	138
	32
	90
	105
	90
	117
	5
	31
	108
	18
	80
	60
	48
	2
	41
	81
	19
	7
	49
	43
	35
	68
	38
	84
	69
	49
	45
	100
	47
	44
	83
	34
	101
	19
	72
	9
	25
	26
	32
	36
	45
	151
	98
	27
	1
	115
	37
	66
	67
	75
	40
	2
	20
	65
	58
	87
	90
	82
	45
	37
	23
	68
	84
	26
	47
	82
	47 -> 82 [label="" style=dashed]
	63
	71
	45
	90
	3
	30
	75
	13
	41
	45
	18
	101
	50
	46
	15
	35
	29
	120
	68
	40
	98
	42
	1
	103
	151
	104
	151 -> 104 [label="" style=dashed]
	42
	112
	73
	121
	12
	40
	103
	40
	58
	96
	115
	6
	16
	100
	1
	108
	57
	84
	42
	1
	81
	27
	48
	23
	42
	24
	42 -> 24 [label="" style=dashed]
	62
	20
	3
	100
	3 -> 100 [label="" style=dashed]
	59
	36
	9
	37
	9 -> 37 [label="" style=dashed]
	70
	42
	9
	115
	80
	115
	115
	50
	94
	115
	115
	61
	89
	88
	115
	87
	64
	84
	20
	36
	44
	13
	21
	47
	83
	62
	93
	88
	61
	88 -> 61 [label="" style=dashed]
	75
	63
	8
	42
	56
	2
	1
	23
	87
	2
	87 -> 2 [label="" style=dashed]
	81
	45
	47
	21
	22
	63
	29
	112
	18
	10
	38
	118
	58
	29
	67
	3
	28
	35
	51
	39
	103
	1
	13
	47
	33
	42
	40
	27
	10
	94
	37
	66
	33
	34
	2
	117
	40
	17
	41
	53
	84
	8
	80
	94
	4
	84
	4 -> 84 [label="" style=dashed]
	72
	59
	46
	43
	8
	3
	90
	8
	87
	35
	39
	21
	70
	68
	4
	68
	36
	37
	30
	103
	30 -> 103 [label="" style=dashed]
	25
	3
	52
	45
	72
	2
	85
	44
	19
	91
	80
	151
	49
	82
	115
	72
	80
	44
	19
	81
	121
	40
	121 -> 40 [label="" style=dashed]
	2
	56
	45
	77
	24
	52
	26
	38
	70
	68
	69
	19
	79
	79
	1
	45
	124
	45
	36
	23
	149
	106
	13
	38
	94
	29
	85
	83
	7
	23
	75
	47
	78
	70
	37
	44
	7
	79
	18
	60
	28
	7
	27
	72
	100
	123
	35
	117
	86
	37
	68
	7
	8
	4
	95
	104
	44
	27
	22
	43
	79
	91
	45
	63
	84
	91
	63
	43
	112
	27
	4
	90
	151
	115
	98
	90
	40
	70
	151
	70
	45
	52
	22
	93
	22
	15
	30
	18
	36
	18
	112
	18 -> 112 [label="" style=dashed]
	18
	31
	44
	88
	80
	37
	42
	39
	3
	42
	8
	20
	79
	35
	43
	98
	10
	57
	8
	18
	112
	90
	29
	52
	54
	74
	93
	37
	115
	17
	22
	75
	95
	104
	6
	36
	46
	72
	30
	27
	58
	35
	43
	23
	4
	57
	21
	84
	66
	5
	13
	31
	94
	88
	89
	115
	21
	68
	28
	20
	86
	35
	66
	17
	115
	103
	46
	107
	45
	43
	73
	35
	32
	10
	42
	151
	39
	53
	19
	101
	90
	104
	96
	15
	16
	50
	49
	75
	30
	70
	3
	32
	71
	112
	49
	42
	119
	54
	35
	69
	53
	75
	69
	48
	45
	107
	48
	37
	58
	94
	98
	33
	103
	83
	35
	100
	29
	32
	37
	45
	15
	45 -> 15 [label="" style=dashed]
	94
	109
	87
	79
	47
	7
	4
	47
	115
	36
	66
	64
	3
	84
	151
	108
	99
	2
	23
	103
	105
	65
	59
	44
	95
	104
	37
	46
	105
	2
	9
	82
	42
	11
	12
	60
	1
	54
	124
	13
	18
	84
	27
	6
	53
	84
	95
	45
	91
	18
	58
	82
	110
	4
	9
	36
	45
	94
	48
	66
	42
	71
	58
	74
	37
	45
	69
	23
	39
	48
	75
	33
	74
	24
	60
	1
	100
	151
	105
	37
	120
	104
	74
	63
	32
	3
	40
	47
	68
	56
	68 -> 56 [label="" style=dashed]
	90
	45
	47
	47
	30
	90
	33
	59
	35
	9
	36
	6
	101
	6 -> 101 [label="" style=dashed]
	88
	84
	48
	104
	3
	18
	3 -> 18 [label="" style=dashed]
	115
	53
	76
	1
	115
	62
	76
	59
	26
	80
	50
	90
	40
	117
	64
	38
	20
	35
	94
	7
	100
	57
	21
	46
	121
	13
	98
	2
	83
	61
	38
	3
	50
	74
	48
	63
	53
	29
	20
	1
	81
	44
	47
	20
	118
	35
	70
	86
	149
	38
	56
	27
	45
	7
	18
	6
	37
	15
	7
	19
	37
	99
	71
	8
	71 -> 8 [label="" style=dashed]
	13
	48
	33
	43
	123
	1
	24
	23
	35
	48
	23
	1
	10
	95
	39
	9
	37
	67
	27
	10
	40
	16
	17
	65
	42
	57
	35
	117
	2
	71
	48
	54
	117
	94
	95
	62
	42
	21
	115
	93
	57
	9
	15
	117
	9
	87
	36
	22
	29
	39
	26
	47
	69
	36
	30
	50
	115
	4
	102
	19
	90
	15
	64
	27
	37
	63
	22
	74
	92
	115
	71
	80
	45
	37
	38
	19
	86
	2
	57
	45
	74
	24
	112
	10
	105
	52
	29
	38
	71
	32
	27
	151
	50
	68
	63
	67
	80
	30
	4
	45
	37
	110
	82
	85
	50
	38
	95
	38 -> 95 [label="" style=dashed]
	1
	5
	11
	7
	107
	46
	107 -> 46 [label="" style=dashed]
	62
	68
	27
	4
	47
	79
	7
	24
	34
	15
	50
	75
	115
	67
	40
	81
	54
	55
	50
	15
	3
	104
	45
	26
	37
	91
	42
	91
	64
	91 -> 64 [label="" style=dashed]
	43
	86
	1
	84
	49
	75
	2
	11
	54
	40
	73
	54
	33
	33
	56
	45
	53
	86
	50
	22
	28
	39
	37
	18
	32
	29
	89
	15
	4
	80
	36
	42
	38
	42 -> 38 [label="" style=dashed]
	31
	30
	10
	54
	75
	70
	29
	53
	41
	4
	63
	20
	115
	16
	56
	1
	57
	104
	46
	71
	30
	26
	85
	1
	54
	31
	4
	54
	55
	94
	6
	43
	80
	89
	20
	21
	115
	119
	6
	35
	115
	100
	55
	23
	139
	57
	57
	6
	57 -> 6 [label="" style=dashed]
	73
	34
	18
	74
	122
	50
	101
	88
	59
	47
	72
	13
	72
	86
	40
	90
	115
	27
	124
	67
	18
	70
	73
	22
	37
	44
	21
	59
	64
	12
	38
	53
	74
	77
	7
	45
	106
	20
	70
	58
	95
	38
	132
	95
	93
	98
	34
	54
	30
	47
	46
	88
	35
	83
	36
	25
	24
	58
	46
	45
	16
	99
	1
	2
	89
	74
	1
	74
	11
	24
	18
	3
	112
	2
	71
	2
	22
	35
	5
	44
	94
	94
	34
	4
	62
	82
	43
	42
	120
	42 -> 120 [label="" style=dashed]
	71
	5
	13
	17
	59
	149
	84
	94
	45
	92
	49
	7
	36
	44
	7
	51
	25
	46
	45
	68
	64
	35
	18
	81
	15
	33
	1
	101
	37
	121
	64
	63
	105
	42
	2
	77
	104
	98
	43
	57
	117
	95
	44
	104
	100
	7
	47
	31
	38
	32
	48
	21
	42
	26
	76
	49
	76 -> 49 [label="" style=dashed]
	65
	71
	3
	102
	9
	35
	70
	40
	88
	22
	94
	29
	48
	75
	105
	121
	1
	20
	151
	1
	48
	52
	50
	9
	117
	23
	8
	59
	94
	3
	17
	115
	52
	2
	95
	115
	63
	26
	81
	115
	85
	100
	56
	32
	62
	8
	112
	83
	60
	109
	18
	91
	96
	37
	50
	75
	81
	43
	25
	84
	76
	53
	6
	70
	85
	7
	18
	37
	98
	18
	8
	100
	83
	35
	49
	32
	87
	78
	50
	37
	60
	37 -> 60 [label="" style=dashed]
	40
	15
	66
	3
	94
	92
	4
	86
	9
	35
	93
	39
	15
	46
	41
	87
	37
	87 -> 37 [label="" style=dashed]
	39
	27
	47
	68
	59
	95
	84
	35
	73
	5
	47
	6
	98
	29
	19
	93
	76
	17
	26
	103
	115
	70
	31
	62
	85
	13
	45
	75
	10
	104
	19
	69
	1
	111
	57
	32
	26
	42
	9
	115
	24
	45
	34
	105
	3
	38
	96
	7
	68
	62
	69
	13
	117
	70
	35
	104
	79
	76
	93
	35
	24
	67
	47
	4
	1
	81
	55
	23
	56
	4
	93
	56
	58
	26
	36
	112
	125
	45
	130
	6
	1
	151
	117
	96
	42
	40
	72
	86
	53
	45
	8
	93
	70
	93 -> 70 [label="" style=dashed]
	18
	110
	84
	13
	51
	8
	69
	8
	51
	3
	84
	85
	3
	62
	3
	44
	31
	33
	72
	92
	10
	55
	98
	70
	93
	50
	29
	50
	63
	23
	63 -> 23 [label="" style=dashed]
	91
	80
	54
	76
	47
	123
	22
	77
	22 -> 77 [label="" style=dashed]
	46
	70
	58
	37
	43
	21
	4
	55
	39
	151
	44
	21
	86
	83
	87
	83 -> 87 [label="" style=dashed]
	17
	56
	47
	98
	6
	42
	20
	22
	62
	9
	115
	118
	66
	15
	107
	6
	18
	75
	9
	4
	58
	100
	39
	51
	23
	98
	90
	112
	67
	19
	67 -> 19 [label="" style=dashed]
	22
	36
	44
	26
	49
	40
	53
	77
	95
	94
	45
	105
	15
	42
	38
	76
	81
	98
	35
	60
	45
	47
	41
	9
	1
	83
	37
	53
	93
	93
	48
	45
	17
	2
	88
	74
	12
	115
	34
	53
	84
	2
	87
	61
	50
	95
	36
	70
	6
	7
	89
	98
	55
	18
	82
	40
	37
	114
	13
	16
	29
	28
	32
	149
	45
	93
	18
	56
	36
	47
	80
	3
	58
	104
	56
	77
	7
	50
	122
	35
	74
	35
	117
	61
	85
	79
	115
	95
	18
	80
	115
	1
	48
	49
	24
	62
	1
	106
	42
	117
	106
	113 -> 106 [label="" style=dashed]
	100
	3
	29
	7
	8
	47
	3
	113 -> 3 [label="" style=dashed]
	40
	41
	90
	47
	44
	123
	47
	32
	38
	33
	6
	4
	90
	35
	76
	8
	56
	84
	42
	27
	62
	27
	65
	72
	70
	47
	49
	88
	86
	15
	5
	1
	49
	47
	85
	3
	16
	115
	64
	71
	65
	20
	33
	42
	69
	16
	23
	42
	98
	44
	10
	28
	1
	83
	67
	90
	98
	65
	109
	29
	25
	15
	84
	71
	118
	37
	7
	112
	18
	17
	101
	1
	70
	84
	149
	36
	56
	21
	5
	1
	32
	86
	37
	61
	64
	22
	2
	112
	2 -> 112 [label="" style=dashed]
	11
	83
	57
	37
	37
	20
	94
	93
	95
	2
	80
	91
	4
	81
	9
	17
	48
	9
	112
	1
	1
	19
	22
	27
	39
	24
	36
	32
	15
	73
	43
	7
	29
	39
	27
	35
	74
	94
	31
	63
	19
	84
	45
	72
	10
	107
	83
	27
	32
	25
	1
	59
	18
	7
	115
	25
	47
	1
	47 -> 1 [label="" style=dashed]
	45
	35
	53
	54
	92
	38
	48
	19
	38
	124
	53
	69
	93
	82
	13
	151
	10
	62
	66
	72
	67
	70
	32
	76
	90
	76 -> 90 [label="" style=dashed]
	7
	22
	95
	20
	35
	3
	117
	81
	81
	56
	23
	57
	26
	41
	22
	94
	124
	1
	48
	59
	117
	71
	56
	59
	165
	2
	101
	37
	101 -> 37 [label="" style=dashed]
	26
	31
	94
	53
	91
	66
	91 -> 66 [label="" style=dashed]
	45
	131
	103
	45
	62
	39
	22
	44
	8
	86
	52
	7
	117
	33
	115
	31
	14 -> 31 [label="" style=dashed]
	18
	111
	18
	34
	84
	86
	3
	63
	3
	45
	31
	32
	15
	61
	63
	29
	112
	93
	43
	2
	1
	1
	33
	112
	72
	112 -> 72 [label="" style=dashed]
	47
	122
	36
	18
	66
	72
	30
	20
	43
	20
	39
	112
	151
	45
	12
	58
	118
	94
	123
	115
	123 -> 115 [label="" style=dashed]
	117
	45
	6
	94
	47
	99
	6
	41
	7
	44
	66
	104
	20
	23
	60
	77
	36
	103
	28
	23
	35
	108
	86
	32
	66
	18
	76
	44
	66
	44 -> 66 [label="" style=dashed]
	52
	115
	39
	50
	90
	22
	39
	63
	38
	44
	27
	49
	47
	53
	76
	69
	45
	45
	104
	37
	89
	69
	63
	95
	7
	95 -> 7 [label="" style=dashed]
	15
	43
	51
	20
	38
	130
	88
	4
	74
	5
	47
	40
	88
	37
	39
	115
	43
	64
	47
	109
	63
	122
	81
	23
	74
	13
	27
	76
	92
	4
	29
	4 -> 29 [label="" style=dashed]
	60
	37
	117
	94
	6
	94 -> 6 [label="" style=dashed]
	13
	15
	45
	94
	18
	57
	38
	2
	29
	2
	29 -> 2 [label="" style=dashed]
	149
	20
	28
	54
	10
	7
	63
	94
	64
	33
	18
	83
	117
	151
	1
	107
	37
	123
	107
	113 -> 107 [label="" style=dashed]
	10
	5
	47
	136
	47
	33
	38
	30
	90
	36
	99
	93
	63
	10
	65
	73
	59
	32
	59 -> 32 [label="" style=dashed]
	70
	46
	7
	75
}
