0.558 0.094
0.756 0.184
0.184 0.038
0.836 0.174
0.847 0.17
0.733 0.295
0.532 0.809
0.243 0.883
0.972 0.928
0.578 0.914
0.427 0.277
0.607 0.351
0.115 0.965
0.477 0.133
0.846 0.323
0.304 0.006
0.869 0.413
0.117 0.174
0.813 0.826
0.707 0.721
0.861 0.294
0.389 0.839
0.984 0.212
0.909 0.164
0.128 0.391
0.921 0.969
0.773 0.2
0.512 0.489
0.126 0.835
0.209 0.427
0.561 0.59
0.837 0.557
0.59 0.87
0.306 0.386
0.796 0.186
0.166 0.046
0.641 0.503
0.33 0.93
0.034 0.159
0.879 0.111
0.831 0.99
0.27 0.244
0.218 0.464
0.608 0.483
0.046 0.377
0.821 0.913
0.752 0.112
0.763 0.16
0.451 0.538
0.252 0.099
0.163 0.404
0.043 0.074
0.882 0.432
0.534 0.608
0.407 0.446
0.803 0.379
0.393 0.519
0.213 0.129
0.124 0.533
0.379 0.268
0.85 0.567
0.789 0.156
0.376 0.219
0.745 0.442
0.772 0.275
0.552 0.366
0.693 0.188
0.112 0.652
0.837 0.445
0.15 0.468
0.457 0.215
0.324 0.927
0.724 0.652
0.355 0.801
0.933 0.837
0.178 0.415
0.221 0.616
0.771 0.193
0.502 0.545
0.024 0.954
0.781 0.728
0.477 0.85
0.889 0.579
0.254 0.79
0.935 0.458
0.833 0.306
0.442 0.674
0.554 0.066
0.259 0.576
0.951 0.682
0.758 0.317
0.021 0.995
0.803 0.41
0.557 0.803
0.211 0.369
0.52 0.845
0.169 0.593
0.237 0.91
0.186 0.112
0.881 0.15