0.581 0.71
0.772 0.557
0.646 0.982
0.625 0.893
0.002 0.903
0.21 0.629
0.48 0.98
0.03 0.419
0.299 0.474
0.648 0.914
0.866 0.68
0.129 0.883
0.697 0.706
0.31 0.171
0.43 0.111
0.105 0.149
0.414 0.46
0.261 0.828
0.514 0.472
0.344 0.774
0.574 0.907
0.227 0.248
0.452 0.782
0.04 0.758
0.656 0.792
0.361 0.363
0.398 0.076
0.404 0.594
0.31 0.553
0.097 0.842
0.155 0.118
0.255 0.41
0.627 0.936
0.475 0.212
0.716 0.88
0.006 0.251
0.195 0.968
0.605 0.631
0.481 0.274
0.312 0.806
0.519 0.378
0.137 0.206
0.337 0.873
0.909 0.13
0.635 0.859
0.902 0.067
0.082 0.605
0.405 0.159
0.015 0.767
0.111 0.592
0.883 0.671
0.042 0.077
0.07 0.119
0.753 0.479
0.732 0.161
0.711 0.82
0.861 0.016
0.097 0.584
0.111 0.117
0.722 0.285
0.825 0.839
0.429 0.696
0.305 0.022
0.109 0.039
0.615 0.847
0.431 0.682
0.099 0.964
0.492 0.567
0.381 0.027
0.838 0.681
0.79 0.956
0.754 0.382
0.071 0.312
0.269 0.256
0.731 0.144
0.067 0.527
0.583 0.54
0.387 0.7
0.869 0.916
0.023 0.283
0.862 0.754
0.759 0.907
0.977 0.112
0.898 0.127
0.257 0.715
0.091 0.493
0.537 0.866
0.318 0.244
0.734 0.736
0.704 0.09
0.485 0.78
0.842 0.144
0.769 0.208
0.416 0.98
0.276 0.442
0.235 0.182
0.003 0.421
0.212 0.515
0.967 0.524
0.452 0.03
0.999 0.549
0.357 0.976
0.284 0.936
0.597 0.415
0.675 0.914
0.835 0.811
0.881 0.785
0.38 0.654
0.246 0.889
0.265 0.428
0.242 0.126
0.847 0.799
0.759 0.055
0.694 0.958
0.929 0.74
0.389 0.449
0.555 0.47
0.898 0.677
0.15 0.427
0.311 0.505
0.238 0.174
0.096 0.999
0.837 0.561
0.48 0.451
0.976 0.286
0.22 0.233
0.697 0.879
0.813 0.938
0.232 0.303
0.134 0.508
0.95 0.758
0.634 0.73
0.241 0.47
0.44 0.569
0.693 0.463
0.165 0.312
0.824 0.339
0.783 0.338
0.123 0.097
0.668 0.716
0.372 0.867
0.779 0.445
0.046 0.256
0.015 0.354
0.071 0.674
0.976 0.133
0.41 0.609
0.699 0.923
0.716 0.331
0.483 0.233
0.79 0.912
0.556 0.667
0.682 0.772
0.172 0.11
0.057 0.172
0.725 0.564
0.896 0.219
0.577 0.782
0.668 0.974
0.603 0.225
0.88 0.208
0.915 0.615
0.298 0.182
0.823 0.561
0.205 0.599
0.846 0.289
0.763 0.527
0.53 0.522
0.937 0.667
0.878 0.943
0.446 0.803
0.453 0.452
0.907 0.657
0.567 0.691
0.677 0.67
0.572 0.863
0.881 0.393
0.893 0.927
0.785 0.298
0.376 0.687
0.975 0.821
0.471 0.086
0.765 0.334
0.99 0.293
0.884 0.598
0.475 0.807
0.774 0.946
0.695 0.828
0.757 0.08
0.444 0.657
0.92 0.917
0.599 0.683
0.822 0.333
0.331 0.851
0.035 0.036
0.496 0.133
0.056 0.024
0.474 0.634
0.404 0.267
0.158 0.448
0.517 0.308
0.356 0.264
0.652 0.447
0.61 0.039
0.147 0.076
0.322 0.761
0.237 0.484
0.126 0.418
0.143 0.172
0.622 0.852
0.273 0.308
0.989 0.045
0.214 0.446
0.449 0.789
0.628 0.059
0.278 0.35
0.321 0.755
0.849 0.963
0.504 0.242
0.19 0.48
0.717 0.279
0.662 0.49
0.966 0.85
0.689 0.584
0.382 0.758
0.871 0.199
0.11 0.687
0.476 0.67
0.178 0.519
0.018 0.687
0.852 0.378
0.575 0.347
0.306 0.407
0.581 0.388
0.514 0.806
0.031 0.0
0.901 0.977
0.447 0.802
0.693 0.968
0.505 0.196
0.841 0.563
0.88 0.338
0.099 0.476
0.784 0.373
0.11 0.101
0.632 0.43
0.336 0.212
0.466 0.113
0.292 0.785
0.092 0.853
0.812 0.855
0.353 0.555
0.022 0.965
0.61 0.426
0.262 0.274
0.304 0.735
0.492 0.855
0.392 0.516
0.562 0.039
0.594 0.924
0.332 0.953
0.625 0.018
0.821 0.514
0.016 0.239
0.445 0.256
0.701 0.751
0.926 0.294
0.272 0.109
0.642 0.656
0.71 0.43
0.028 0.956
0.413 0.363
0.144 0.111
0.58 0.647
0.652 0.374
0.338 0.022
0.296 0.475
0.513 0.536
0.402 0.081
0.644 0.074
0.066 0.077
0.615 0.052
0.465 0.419
0.322 0.79
0.161 0.433
0.86 0.026
0.362 0.458
0.084 0.387
0.848 0.693
0.782 0.441
0.671 0.937
0.341 0.076
0.812 0.688
0.55 0.59
0.664 0.699
0.084 0.815
0.625 0.692
0.302 0.047
0.066 0.367
0.219 0.295
0.664 0.26
0.901 0.63
0.404 0.252
0.085 0.979
0.562 0.761
0.493 0.771
0.64 0.721
0.219 0.231
0.517 0.461
0.524 0.984
0.056 0.525
0.594 0.848
0.047 0.271
0.097 0.348
0.588 0.815
0.889 0.538
0.024 0.533
0.834 0.174
0.072 0.842
0.526 0.138
0.064 0.446
0.607 0.298
0.115 0.576
0.523 0.646
0.601 0.995
0.812 0.666
0.526 0.729
0.409 0.34
0.247 0.508
0.071 0.133
0.549 0.931
0.734 0.556
0.244 0.192
0.491 0.662
0.313 0.034
0.946 0.908
0.105 0.266
0.899 0.342
0.25 0.787
0.638 0.026
0.782 0.557
0.685 0.902
0.398 0.379
0.453 0.079
0.921 0.665
0.142 0.644
0.823 0.576
0.156 0.663
0.059 0.073
0.463 0.985
0.611 0.444
0.645 0.843
0.831 0.797
0.773 0.006
0.125 0.901
0.923 0.396
0.528 0.455
0.852 0.717
0.501 0.581
0.297 0.562
0.577 0.862
0.444 0.935
0.581 0.749
0.321 0.854
0.787 0.518
0.282 0.972
0.737 0.262
0.265 0.723
0.436 0.591
0.244 0.542
0.3 0.798
0.111 0.132
0.529 0.276
0.269 0.577
0.553 0.863
0.366 0.343
0.823 0.624
0.935 0.867
0.483 0.294
0.189 0.456
0.424 0.228
0.839 0.709
0.76 0.267
0.627 0.518
0.074 0.346
0.182 0.981
0.644 0.021
0.952 0.239
0.424 0.364
0.186 0.324
0.788 0.817
0.395 0.616
0.902 0.676
0.267 0.356
0.121 0.845
0.776 0.032
0.994 0.371
0.07 0.093
0.298 0.085
0.81 0.609
0.026 0.322
0.798 0.001
0.396 0.346
0.109 0.876
0.772 0.552
0.452 0.363
0.834 0.984
0.141 0.06
0.482 0.983
0.897 0.872
0.711 0.027
0.678 0.536
0.148 0.941
0.874 0.641
0.026 0.705
0.488 0.247
0.104 0.015
0.385 0.048
0.484 0.611
0.305 0.142
0.277 0.143
0.065 0.091
0.847 0.992
0.34 0.931
0.687 0.048
0.452 0.181
0.033 0.91
0.843 0.714
0.012 0.361
0.297 0.553
0.424 0.243
0.508 0.274
0.317 0.07
0.309 0.71
0.092 0.79
0.718 0.094
0.262 0.144
0.973 0.586
0.889 0.946
0.911 0.398
0.386 0.453
0.343 0.349
0.63 0.704
0.589 0.758
0.284 0.339
0.955 0.021
0.792 0.95
0.729 0.086
0.778 0.454
0.244 0.34
0.477 0.318
0.623 0.035
0.391 0.744
0.128 0.542
0.558 0.062
0.42 0.137
0.729 0.656
0.631 0.982
0.243 0.712
0.876 0.212
0.588 0.977
0.71 0.784
0.497 0.48
0.099 0.852
0.87 0.876
0.664 0.925
0.039 0.667
0.294 0.037
0.643 0.046
0.787 0.45
0.866 0.556
0.783 0.174
0.934 0.031
0.139 0.73
0.507 0.53
0.825 0.119
0.067 0.127
0.599 0.945
0.479 0.397
0.993 0.974
0.653 0.451
0.581 0.21
0.636 0.169
0.143 0.719
0.538 0.051
0.061 0.036
0.372 0.785
0.228 0.972
0.319 0.165
0.816 0.028
0.894 0.498
0.489 0.433
0.234 0.997
0.013 0.024
0.011 0.943
0.793 0.81
0.527 0.624
0.537 0.072
0.151 0.095
0.12 0.278
0.607 0.888
0.722 0.943
0.561 0.628
0.499 0.771
0.593 0.4
0.355 0.096
0.904 0.397
0.876 0.664
0.07 0.005
0.115 0.271
0.698 0.049
0.72 0.635
0.144 0.333
0.84 0.136
0.31 0.977
0.357 0.766
0.119 0.294
0.251 0.668
0.473 0.13
0.318 0.184
0.389 0.631
0.051 0.187
0.508 0.403
0.216 0.787
0.373 0.891
0.528 0.226
0.733 0.595
0.923 0.856
0.566 0.437
0.054 0.655
0.751 0.183
0.062 0.618
0.051 0.348
0.139 0.744
0.582 0.388
0.09 0.034
0.054 0.344
0.923 0.08
0.838 0.285
0.482 0.392
0.359 0.068
0.253 0.524
0.405 0.927
0.804 0.484
0.679 0.375
0.74 0.625
0.339 0.745
0.668 0.431
0.316 0.45
0.443 0.178
0.929 0.687
0.862 0.444
0.679 0.912
0.072 0.834
0.133 0.855
0.164 0.089
0.504 0.232
0.85 0.962
0.851 0.617
0.608 0.843
0.854 0.092
0.443 0.163
0.735 0.432
0.225 0.992
0.234 0.554
0.584 0.13
0.5 0.887
0.534 0.181
0.39 0.144
0.296 0.777
0.932 0.67
0.285 0.163
0.65 0.215
0.864 0.802
0.063 0.474
0.25 0.539
0.857 0.205
0.934 0.122
0.213 0.075
0.047 0.556
0.254 0.649
0.398 0.854
0.854 0.066
0.309 0.245
0.884 0.071
0.958 0.759
0.509 0.981
0.675 0.471
0.351 0.096
0.501 0.333
0.139 0.813
0.402 0.676
0.01 0.422
0.694 0.972
0.725 0.145
0.608 0.374
0.931 0.491
0.444 0.879
0.007 0.401
0.411 0.71
0.211 0.994
0.098 0.647
0.576 0.933
0.487 0.604
0.468 0.553
0.555 0.682
0.793 0.96
0.827 0.32
0.602 0.212
0.661 0.914
0.224 0.574
0.687 0.475
0.148 0.584
0.547 0.444
0.558 0.309
0.035 0.814
0.815 0.779
0.796 0.07
0.217 0.014
0.974 0.282
0.024 0.473
0.587 0.871
0.107 0.022
0.956 0.217
0.552 0.723
0.213 0.258
0.225 0.834
0.764 0.688
0.591 0.41
0.607 0.181
0.072 0.837
0.559 0.302
0.817 0.4
0.787 0.423
0.083 0.761
0.504 0.015
0.298 0.805
0.348 0.129
0.534 0.892
0.729 0.759
0.319 0.952
0.409 0.039
0.627 0.259
0.663 0.925
0.47 0.914
0.647 0.055
0.707 0.294
0.003 0.015
0.554 0.73
0.327 0.103
0.837 0.7
0.833 0.999
0.174 0.671
0.458 0.449
0.159 0.518
0.671 0.196
0.063 0.162
0.479 0.896
0.778 0.622
0.451 0.707
0.495 0.231
0.115 0.541
0.097 0.144
0.733 0.731
0.362 0.59
0.306 0.017
0.842 0.558
0.626 0.276
0.744 0.717
0.332 0.4
0.197 0.415
0.228 0.106
0.055 0.553
0.563 0.189
0.793 0.961
0.583 0.946
0.097 0.672
0.439 0.064
0.48 0.14
0.422 0.256
0.613 0.038
0.611 0.324
0.107 0.703
0.224 0.131
0.15 0.723
0.359 0.184
0.751 0.422
0.353 0.109
0.339 0.18
0.7 0.372
0.121 0.653
0.294 0.966
0.906 0.951
0.823 0.683
0.077 0.716
0.256 0.767
0.002 0.919
0.742 0.429
0.477 0.849
0.669 0.751
0.688 0.46
0.323 0.948
0.819 0.723
0.333 0.835
0.647 0.121
0.068 0.617
0.366 0.739
0.249 0.79
0.471 0.669
0.303 0.024
0.723 0.618
0.396 0.398
0.084 0.65
0.676 0.237
0.077 0.009
0.972 0.125
0.152 0.794
0.088 0.344
0.545 0.103
0.875 0.135
0.552 0.899
0.471 0.686
0.346 0.498
0.436 0.663
0.234 0.048
0.05 0.465
0.747 0.799
0.681 0.085
0.058 0.275
0.982 0.646
0.003 0.688
0.635 0.199
0.44 0.044
0.518 0.334
0.726 0.464
0.441 0.551
0.887 0.148
0.082 0.048
0.42 0.277
0.312 0.831
0.755 0.905
0.917 0.569
0.104 0.55
0.589 0.655
0.802 0.749
0.182 0.294
0.265 0.338
0.419 0.275
0.392 0.586
0.655 0.256
0.567 0.587
0.827 0.031
0.401 0.532
0.428 0.259
0.049 0.559
0.198 0.57
0.184 0.892
0.243 0.774
0.75 0.896
0.444 0.167
0.165 0.488
0.369 0.556
0.98 0.059
0.367 0.673
0.899 0.714
0.15 0.129
0.683 0.144
0.999 0.893
0.673 0.917
0.632 0.577
0.615 0.296
0.926 0.464
0.987 0.969
0.907 0.32
0.275 0.223
0.873 0.506
0.497 0.16
0.07 0.794
0.813 0.546
0.073 0.625
0.246 0.743
0.935 0.213
0.36 0.963
0.175 0.045
0.271 0.785
0.904 0.84
0.49 0.477
0.733 0.934
0.918 0.145
0.626 0.44
0.784 0.176
0.518 0.216
0.437 0.731
0.358 0.85
0.672 0.291
0.203 0.434
0.71 0.367
0.151 0.82
0.053 0.536
0.158 0.446
0.166 0.908
0.274 0.582
0.353 0.959
0.407 0.016
0.241 0.45
0.51 0.792
0.022 0.789
0.99 0.599
0.952 0.757
0.22 0.796
0.647 0.032
0.266 0.876
0.413 0.262
0.325 0.375
0.145 0.789
0.918 0.824
0.389 0.264
0.588 0.411
0.753 0.538
0.683 0.388
0.208 0.174
0.861 0.142
0.762 0.877
0.077 0.052
0.617 0.931
0.171 0.929
0.204 0.456
0.635 0.853
0.415 0.949
0.797 0.72
0.951 0.086
0.428 0.641
0.946 0.206
0.743 0.627
0.933 0.277
0.888 0.652
0.778 0.341
0.227 0.301
0.425 0.674
0.205 0.659
0.158 0.872
0.113 0.02
0.627 0.144
0.815 0.294
0.069 0.894
0.399 0.68
0.974 0.498
0.742 0.312
0.978 0.883
0.178 0.095
0.893 0.079
0.836 0.856
0.594 0.45
0.702 0.308
0.968 0.716
0.144 0.028
0.233 0.173
0.456 0.811
0.713 0.779
0.965 0.315
0.614 0.868
0.377 0.868
0.406 0.315
0.335 0.666
0.171 0.906
0.614 0.369
0.709 0.514
0.975 0.28
0.205 0.446
0.479 0.867
0.011 0.984
0.965 0.389
0.471 0.695
0.479 0.758
0.709 0.588
0.671 0.614
0.027 0.553
0.57 0.749
0.887 0.806
0.679 0.666
0.418 0.269
0.041 0.061
0.101 0.894
0.781 0.457
0.539 0.961
0.652 0.029
0.215 0.29
0.251 0.929
0.758 0.107
0.943 0.036
0.509 0.046
0.961 0.132
0.121 0.396
0.839 0.944
0.509 0.233
0.081 0.37
0.73 0.518
0.958 0.465
0.248 0.596
0.405 0.457
0.631 0.786
0.266 0.127
0.915 0.913
0.553 0.384
0.771 0.686
0.958 0.777
0.096 0.828
0.58 0.949
0.89 0.72
0.738 0.794
0.069 0.115
0.762 0.153
0.398 0.169
0.865 0.429
0.857 0.641
0.566 0.413
0.588 0.613
0.619 0.96
0.998 0.489
0.097 0.882
0.765 0.355
0.096 0.574
0.232 0.006
0.511 0.443
0.115 0.078
0.45 0.167
0.576 0.739
0.193 0.169
0.401 0.376
0.996 0.477
0.481 0.515
0.7 0.299
0.822 0.006
0.817 0.231
0.032 0.146
0.744 0.031
0.612 0.979
0.756 0.224
0.4 0.5
0.739 0.691
0.206 0.855
0.953 0.519
0.005 0.922
0.678 0.066
0.072 0.853
0.317 0.18
0.085 0.248
0.351 0.957
0.519 0.64
0.572 0.229
0.65 0.896
0.198 0.262
0.082 0.913
0.775 0.729
0.002 0.781
0.282 0.124
0.305 0.135
0.454 0.204
0.301 0.028
0.185 0.953
0.006 0.041
0.757 0.78
0.864 0.736
0.823 0.379
0.361 0.779
0.256 0.76
0.175 0.267
0.463 0.418
0.384 0.789
0.299 0.539
0.795 0.814
0.45 0.425
0.629 0.796
0.065 0.032
0.636 0.225
0.43 0.62
0.22 0.527
0.703 0.058
0.31 0.318
0.069 0.234
0.504 0.009
0.199 0.34
0.503 0.196
0.551 0.597
0.948 0.564
0.889 0.049
0.585 0.268
0.376 0.691
0.077 0.874
0.727 0.079
0.912 0.0
0.212 0.994
0.568 0.712
0.734 0.464
0.531 0.602
0.838 0.643
0.799 0.216
0.247 0.622
0.231 0.163
0.441 0.24